Observatory;Data_year;agglomeration;Zone_calcul;Zone_complementaire;Type_habitat;epoque_construction_local;epoque_construction_homogene;anciennete_locataire_local;anciennete_locataire_homogene;nombre_pieces_local;nombre_pieces_homogene;loyer_1_decile;loyer_1_quartile;loyer_median;loyer_3_quartile;loyer_9_decile;loyer_moyen;loyer_mensuel_1_decile;loyer_mensuel_1_quartile;loyer_mensuel_median;loyer_mensuel_3_quartile;loyer_mensuel_9_decile;moyenne_loyer_mensuel;surface_moyenne;nombre_observations;nombre_logements;methodologie_production
B5900;2023;L5900;;;;;;;;;;8,0;9,7;11,7;14,1;16,9;11,0;432;520;630;778;940;675;61;27289;115207;Estimation directe
B5900;2023;L5900;;;;;;;;;Maison 1-3P;7,7;9,1;10,7;12,5;15,0;10,6;450;550;650;760;837;655;62;633;6236;Estimation directe
B5900;2023;L5900;;;;;;;;;Ensemble 4P+;6,5;7,9;9,4;10,8;12,5;9,4;600;700;813;970;1234;882;94;3512;33088;Estimation directe
B5900;2023;L5900;;;;;;;;;Maison 4P+;6,5;7,8;9,2;10,5;12,0;9,1;600;700;810;960;1206;868;96;1883;22105;Estimation directe
B5900;2023;L5900;;;;;;;;;Appart 1P;12,1;14,1;16,5;19,2;22,2;16,0;340;393;447;500;550;446;28;4621;16883;Estimation directe
B5900;2023;L5900;;;;;;;;;Appart 2P;10,2;11,6;13,1;14,8;16,6;12,9;450;503;560;628;690;567;44;11565;36020;Estimation directe
B5900;2023;L5900;;;;;;;;;Appart 3P;8,5;9,8;11,0;12,3;13,9;11,0;553;621;700;800;900;719;65;6958;22981;Estimation directe
B5900;2023;L5900;;;;;;;;;Appart 4P+;6,6;8,2;9,9;11,7;13,3;10,1;610;690;820;1000;1260;910;90;1629;10983;Estimation directe
B5900;2023;L5900;;;;;;;;;Ensemble 1P;12,1;14,1;16,5;19,2;22,2;16,0;340;394;449;500;550;447;28;4631;17262;Estimation directe
B5900;2023;L5900;;;;;;;;;Ensemble 2P;10,1;11,6;13,1;14,8;16,6;12,9;450;500;560;630;692;567;44;11703;37698;Estimation directe
B5900;2023;L5900;;;;;;;;;Ensemble 3P;8,3;9,6;10,9;12,2;13,8;10,8;550;620;700;797;890;714;66;7443;27160;Estimation directe
B5900;2023;L5900;;;;;;;;Maison;;6,7;8,0;9,5;10,9;12,8;9,3;550;660;780;909;1139;822;88;2516;28340;Estimation directe
B5900;2023;L5900;;;;;;;;Appart 1P;;12,1;14,1;16,5;19,2;22,2;16,0;340;393;447;500;550;446;28;4621;16883;Estimation directe
B5900;2023;L5900;;;;;;;;Appart 2P;;10,2;11,6;13,1;14,8;16,6;12,9;450;503;560;628;690;567;44;11565;36020;Estimation directe
B5900;2023;L5900;;;;;;;;Appart 3P;;8,5;9,8;11,0;12,3;13,9;11,0;553;621;700;800;900;719;65;6958;22981;Estimation directe
B5900;2023;L5900;;;;;;;;Appart 4P+;;6,6;8,2;9,9;11,7;13,3;10,1;610;690;820;1000;1260;910;90;1629;10983;Estimation directe
B5900;2023;L5900;;;;;;;;Ensemble 1P;;12,1;14,1;16,5;19,2;22,2;16,0;340;394;449;500;550;447;28;4631;17262;Estimation directe
B5900;2023;L5900;;;;;;;;Ensemble 3P;;10,1;11,6;13,1;14,8;16,6;12,9;450;500;560;630;692;567;44;11703;37698;Estimation directe
B5900;2023;L5900;;;;;;;;Ensemble 3P;;8,3;9,6;10,9;12,2;13,8;10,8;550;620;700;797;890;714;66;7443;27160;Estimation directe
B5900;2023;L5900;;;;;;;;Ensemble 4P+;;6,5;7,9;9,4;10,8;12,5;9,4;600;700;813;970;1234;882;94;3512;33088;Estimation directe
B5900;2023;L5900;;;;;;;1. Moins de 1 an;;;9,2;10,6;12,5;14,9;17,7;12,0;445;523;631;786;955;688;58;9120;;Estimation directe
B5900;2023;L5900;;;;;;;1. Moins de 1 an;;Maison 1-3P;8,4;9,2;11,3;13,3;16,7;10,9;500;600;690;780;807;682;62;185;;Estimation directe
B5900;2023;L5900;;;;;;;1. Moins de 1 an;;Ensemble 4P+;7,6;9,1;10,3;11,8;13,5;10,5;680;776;893;1050;1275;978;93;949;;Estimation directe
B5900;2023;L5900;;;;;;;1. Moins de 1 an;;Maison 4P+;7,4;9,0;10,0;11,1;12,8;9,9;700;800;893;1071;1300;960;97;472;;Estimation directe
B5900;2023;L5900;;;;;;;1. Moins de 1 an;;Appart 1P;12,4;14,6;17,1;19,9;22,3;16,4;337;400;454;520;558;456;28;1719;;Estimation directe
B5900;2023;L5900;;;;;;;1. Moins de 1 an;;Appart 2P;10,9;11,9;13,3;15,0;16,7;13,3;467;516;573;640;700;578;44;3996;;Estimation directe
B5900;2023;L5900;;;;;;;1. Moins de 1 an;;Appart 3P;9,1;10,3;11,4;12,9;14,6;11,5;583;650;730;839;927;750;65;2271;;Estimation directe
B5900;2023;L5900;;;;;;;1. Moins de 1 an;;Appart 4P+;7,7;9,3;10,7;12,6;13,8;11,3;620;750;888;1040;1260;1001;88;477;;Estimation directe
B5900;2023;L5900;;;;;;;1. Moins de 1 an;;Ensemble 1P;12,4;14,6;17,1;19,9;22,2;16,4;338;400;455;520;558;456;28;1721;;Estimation directe
B5900;2023;L5900;;;;;;;1. Moins de 1 an;;Ensemble 2P;10,9;11,9;13,4;15,0;16,8;13,3;466;515;575;640;700;579;44;4033;;Estimation directe
B5900;2023;L5900;;;;;;;1. Moins de 1 an;;Ensemble 3P;9,0;10,1;11,3;12,8;14,4;11,3;590;647;725;821;920;744;66;2417;;Estimation directe
B5900;2023;L5900;;;;;;;2. 1 an et plus;;;7,6;9,2;11,3;13,7;16,4;10,6;430;515;630;769;930;668;63;18169;;Estimation directe
B5900;2023;L5900;;;;;;;2. 1 an et plus;;Maison 1-3P;7,3;9,1;10,6;12,4;14,6;10,4;410;540;635;750;842;645;62;448;;Estimation directe
B5900;2023;L5900;;;;;;;2. 1 an et plus;;Ensemble 4P+;6,4;7,7;9,1;10,5;12,1;9,0;600;680;791;943;1200;848;94;2563;;Estimation directe
B5900;2023;L5900;;;;;;;2. 1 an et plus;;Maison 4P+;6,3;7,6;8,9;10,3;11,8;8,8;600;680;790;939;1179;842;95;1411;;Estimation directe
B5900;2023;L5900;;;;;;;2. 1 an et plus;;Appart 1P;11,8;13,7;16,1;18,9;22,1;15,8;340;390;440;490;544;440;28;2902;;Estimation directe
B5900;2023;L5900;;;;;;;2. 1 an et plus;;Appart 2P;9,9;11,4;12,9;14,7;16,4;12,7;441;500;555;620;683;561;44;7569;;Estimation directe
B5900;2023;L5900;;;;;;;2. 1 an et plus;;Appart 3P;8,1;9,5;10,8;12,0;13,3;10,7;538;608;691;781;880;702;66;4687;;Estimation directe
B5900;2023;L5900;;;;;;;2. 1 an et plus;;Appart 4P+;6,4;7,8;9,3;11,3;12,7;9,5;600;670;800;970;1260;862;91;1152;;Estimation directe
B5900;2023;L5900;;;;;;;2. 1 an et plus;;Ensemble 1P;11,8;13,7;16,1;19,0;22,2;15,8;342;390;440;490;544;441;28;2910;;Estimation directe
B5900;2023;L5900;;;;;;;2. 1 an et plus;;Ensemble 2P;9,8;11,3;12,9;14,6;16,4;12,6;435;500;554;622;689;560;44;7670;;Estimation directe
B5900;2023;L5900;;;;;;;2. 1 an et plus;;Ensemble 3P;8,0;9,3;10,7;12,0;13,4;10,6;530;600;690;780;878;699;66;5026;;Estimation directe
B5900;2023;L5900;;;;;;1. Moins de 1 an;;;;9,2;10,6;12,5;14,9;17,7;12,0;445;523;631;786;955;688;58;9120;;Estimation directe
B5900;2023;L5900;;;;;;1. Moins de 1 an;;Maison;;7,8;9,1;10,1;11,8;13,5;10,1;610;700;840;990;1250;887;88;657;;Estimation directe
B5900;2023;L5900;;;;;;1. Moins de 1 an;;Appart 1P;;12,4;14,6;17,1;19,9;22,3;16,4;337;400;454;520;558;456;28;1719;;Estimation directe
B5900;2023;L5900;;;;;;1. Moins de 1 an;;Appart 2P;;10,9;11,9;13,3;15,0;16,7;13,3;467;516;573;640;700;578;44;3996;;Estimation directe
B5900;2023;L5900;;;;;;1. Moins de 1 an;;Appart 3P;;9,1;10,3;11,4;12,9;14,6;11,5;583;650;730;839;927;750;65;2271;;Estimation directe
B5900;2023;L5900;;;;;;1. Moins de 1 an;;Appart 4P+;;7,7;9,3;10,7;12,6;13,8;11,3;620;750;888;1040;1260;1001;88;477;;Estimation directe
B5900;2023;L5900;;;;;;1. Moins de 1 an;;Ensemble 1P;;12,4;14,6;17,1;19,9;22,2;16,4;338;400;455;520;558;456;28;1721;;Estimation directe
B5900;2023;L5900;;;;;;1. Moins de 1 an;;Ensemble 3P;;10,9;11,9;13,4;15,0;16,8;13,3;466;515;575;640;700;579;44;4033;;Estimation directe
B5900;2023;L5900;;;;;;1. Moins de 1 an;;Ensemble 3P;;9,0;10,1;11,3;12,8;14,4;11,3;590;647;725;821;920;744;66;2417;;Estimation directe
B5900;2023;L5900;;;;;;1. Moins de 1 an;;Ensemble 4P+;;7,6;9,1;10,3;11,8;13,5;10,5;680;776;893;1050;1275;978;93;949;;Estimation directe
B5900;2023;L5900;;;;;;2. 1 an et plus;;;;7,6;9,2;11,3;13,7;16,4;10,6;430;515;630;769;930;668;63;18169;;Estimation directe
B5900;2023;L5900;;;;;;2. 1 an et plus;;Maison;;6,5;7,8;9,2;10,7;12,4;9,1;540;650;750;900;1100;802;88;1859;;Estimation directe
B5900;2023;L5900;;;;;;2. 1 an et plus;;Appart 1P;;11,8;13,7;16,1;18,9;22,1;15,8;340;390;440;490;544;440;28;2902;;Estimation directe
B5900;2023;L5900;;;;;;2. 1 an et plus;;Appart 2P;;9,9;11,4;12,9;14,7;16,4;12,7;441;500;555;620;683;561;44;7569;;Estimation directe
B5900;2023;L5900;;;;;;2. 1 an et plus;;Appart 3P;;8,1;9,5;10,8;12,0;13,3;10,7;538;608;691;781;880;702;66;4687;;Estimation directe
B5900;2023;L5900;;;;;;2. 1 an et plus;;Appart 4P+;;6,4;7,8;9,3;11,3;12,7;9,5;600;670;800;970;1260;862;91;1152;;Estimation directe
B5900;2023;L5900;;;;;;2. 1 an et plus;;Ensemble 1P;;11,8;13,7;16,1;19,0;22,2;15,8;342;390;440;490;544;441;28;2910;;Estimation directe
B5900;2023;L5900;;;;;;2. 1 an et plus;;Ensemble 3P;;9,8;11,3;12,9;14,6;16,4;12,6;435;500;554;622;689;560;44;7670;;Estimation directe
B5900;2023;L5900;;;;;;2. 1 an et plus;;Ensemble 3P;;8,0;9,3;10,7;12,0;13,4;10,6;530;600;690;780;878;699;66;5026;;Estimation directe
B5900;2023;L5900;;;;;;2. 1 an et plus;;Ensemble 4P+;;6,4;7,7;9,1;10,5;12,1;9,0;600;680;791;943;1200;848;94;2563;;Estimation directe
B5900;2023;L5900;;;;;1. Avant 1946;;;;;7,4;9,0;11,3;14,5;17,7;10,6;412;500;615;750;884;651;61;6305;32114;Estimation directe
B5900;2023;L5900;;;;;1. Avant 1946;;1. Moins de 1 an;;;8,8;10,4;12,7;15,9;19,1;12,0;420;510;620;755;911;681;57;2197;;Estimation directe
B5900;2023;L5900;;;;;1. Avant 1946;;2. 1 an et plus;;;7,1;8,6;10,6;13,8;17,0;10,0;410;500;610;745;850;637;64;4108;;Estimation directe
B5900;2023;L5900;;;;;2. Entre 1946-1970;;;;;7,7;9,2;10,5;12,9;16,0;10,4;445;540;678;820;990;712;69;1815;20870;Estimation directe
B5900;2023;L5900;;;;;2. Entre 1946-1970;;1. Moins de 1 an;;;8,8;9,6;11,5;14,3;16,6;11,2;445;530;681;840;985;700;62;510;;Estimation directe
B5900;2023;L5900;;;;;2. Entre 1946-1970;;2. 1 an et plus;;;7,5;8,8;10,2;12,3;15,8;10,1;450;545;673;815;1010;717;71;1305;;Estimation directe
B5900;2023;L5900;;;;;3. Entre 1971-1990;;;;;8,2;10,1;12,2;14,8;17,4;11,5;407;490;600;769;960;664;57;3928;23117;Estimation directe
B5900;2023;L5900;;;;;3. Entre 1971-1990;;1. Moins de 1 an;;;9,6;11,1;13,3;15,6;18,2;12,6;409;500;605;767;980;665;53;1185;;Estimation directe
B5900;2023;L5900;;;;;3. Entre 1971-1990;;2. 1 an et plus;;;7,9;9,6;11,8;14,2;16,9;11,1;407;484;600;769;952;663;60;2743;;Estimation directe
B5900;2023;L5900;;;;;4. Entre 1991-2005;;;;;9,5;11,1;12,9;15,1;17,3;12,1;462;540;660;827;1036;721;59;4397;18216;Estimation directe
B5900;2023;L5900;;;;;4. Entre 1991-2005;;1. Moins de 1 an;;;10,3;11,6;13,5;15,6;17,7;12,7;460;530;645;800;995;699;55;1237;;Estimation directe
B5900;2023;L5900;;;;;4. Entre 1991-2005;;2. 1 an et plus;;;9,2;10,8;12,8;14,8;17,2;11,9;464;550;666;841;1079;731;62;3160;;Estimation directe
B5900;2023;L5900;;;;;5. Apr�s 2005;;;;;9,3;10,5;11,8;13,2;14,5;11,4;483;550;652;786;950;690;61;10844;20891;Estimation directe
B5900;2023;L5900;;;;;5. Apr�s 2005;;1. Moins de 1 an;;;9,6;10,6;12,0;13,3;14,5;11,6;482;550;653;801;973;703;61;3991;;Estimation directe
B5900;2023;L5900;;;;;5. Apr�s 2005;;2. 1 an et plus;;;9,0;10,4;11,7;13,0;14,5;11,2;483;550;651;778;939;682;61;6853;;Estimation directe
B5900;2023;L5900;;;;1. Avant 1946;;;;;;7,4;9,0;11,3;14,5;17,7;10,6;412;500;615;750;884;651;61;6305;32114;Estimation directe
B5900;2023;L5900;;;;1. Avant 1946;;1. Moins de 1 an;;;;8,8;10,4;12,7;15,9;19,1;12,0;420;510;620;755;911;681;57;2197;;Estimation directe
B5900;2023;L5900;;;;1. Avant 1946;;2. 1 an et plus;;;;7,1;8,6;10,6;13,8;17,0;10,0;410;500;610;745;850;637;64;4108;;Estimation directe
B5900;2023;L5900;;;;2. Entre 1946-1970;;;;;;7,7;9,2;10,5;12,9;16,0;10,4;445;540;678;820;990;712;69;1815;20870;Estimation directe
B5900;2023;L5900;;;;2. Entre 1946-1970;;1. Moins de 1 an;;;;8,8;9,6;11,5;14,3;16,6;11,2;445;530;681;840;985;700;62;510;;Estimation directe
B5900;2023;L5900;;;;2. Entre 1946-1970;;2. 1 an et plus;;;;7,5;8,8;10,2;12,3;15,8;10,1;450;545;673;815;1010;717;71;1305;;Estimation directe
B5900;2023;L5900;;;;3. Entre 1971-1990;;;;;;8,2;10,1;12,2;14,8;17,4;11,5;407;490;600;769;960;664;57;3928;23117;Estimation directe
B5900;2023;L5900;;;;3. Entre 1971-1990;;1. Moins de 1 an;;;;9,6;11,1;13,3;15,6;18,2;12,6;409;500;605;767;980;665;53;1185;;Estimation directe
B5900;2023;L5900;;;;3. Entre 1971-1990;;2. 1 an et plus;;;;7,9;9,6;11,8;14,2;16,9;11,1;407;484;600;769;952;663;60;2743;;Estimation directe
B5900;2023;L5900;;;;4. Entre 1991-2005;;;;;;9,5;11,1;12,9;15,1;17,3;12,1;462;540;660;827;1036;721;59;4397;18216;Estimation directe
B5900;2023;L5900;;;;4. Entre 1991-2005;;1. Moins de 1 an;;;;10,3;11,6;13,5;15,6;17,7;12,7;460;530;645;800;995;699;55;1237;;Estimation directe
B5900;2023;L5900;;;;4. Entre 1991-2005;;2. 1 an et plus;;;;9,2;10,8;12,8;14,8;17,2;11,9;464;550;666;841;1079;731;62;3160;;Estimation directe
B5900;2023;L5900;;;;5. Apr�s 2005;;;;;;9,3;10,5;11,8;13,2;14,5;11,4;483;550;652;786;950;690;61;10844;20891;Estimation directe
B5900;2023;L5900;;;;5. Apr�s 2005;;1. Moins de 1 an;;;;9,6;10,6;12,0;13,3;14,5;11,6;482;550;653;801;973;703;61;3991;;Estimation directe
B5900;2023;L5900;;;;5. Apr�s 2005;;2. 1 an et plus;;;;9,0;10,4;11,7;13,0;14,5;11,2;483;550;651;778;939;682;61;6853;;Estimation directe
B5900;2023;L5900;;;Maison;;;;;;;6,7;8,0;9,5;10,9;12,8;9,3;550;660;780;909;1139;822;88;2516;28340;Estimation directe
B5900;2023;L5900;;;Maison;;;;;;Maison 1-3P;7,7;9,1;10,7;12,5;15,0;10,6;450;550;650;760;837;655;62;633;6236;Estimation directe
B5900;2023;L5900;;;Maison;;;;;;Maison 4P+;6,5;7,8;9,2;10,5;12,0;9,1;600;700;810;960;1206;868;96;1883;22105;Estimation directe
B5900;2023;L5900;;;Maison;;;;;Maison;;6,7;8,0;9,5;10,9;12,8;9,3;550;660;780;909;1139;822;88;2516;28340;Estimation directe
B5900;2023;L5900;;;Maison;;;;1. Moins de 1 an;;;7,8;9,1;10,1;11,8;13,5;10,1;610;700;840;990;1250;887;88;657;;Estimation directe
B5900;2023;L5900;;;Maison;;;;1. Moins de 1 an;;Maison 1-3P;8,4;9,2;11,3;13,3;16,7;10,9;500;600;690;780;807;682;62;185;;Estimation directe
B5900;2023;L5900;;;Maison;;;;1. Moins de 1 an;;Maison 4P+;7,4;9,0;10,0;11,1;12,8;9,9;700;800;893;1071;1300;960;97;472;;Estimation directe
B5900;2023;L5900;;;Maison;;;;2. 1 an et plus;;;6,5;7,8;9,2;10,7;12,4;9,1;540;650;750;900;1100;802;88;1859;;Estimation directe
B5900;2023;L5900;;;Maison;;;;2. 1 an et plus;;Maison 1-3P;7,3;9,1;10,6;12,4;14,6;10,4;410;540;635;750;842;645;62;448;;Estimation directe
B5900;2023;L5900;;;Maison;;;;2. 1 an et plus;;Maison 4P+;6,3;7,6;8,9;10,3;11,8;8,8;600;680;790;939;1179;842;95;1411;;Estimation directe
B5900;2023;L5900;;;Maison;;;1. Moins de 1 an;;;;7,8;9,1;10,1;11,8;13,5;10,1;610;700;840;990;1250;887;88;657;;Estimation directe
B5900;2023;L5900;;;Maison;;;1. Moins de 1 an;;Maison;;7,8;9,1;10,1;11,8;13,5;10,1;610;700;840;990;1250;887;88;657;;Estimation directe
B5900;2023;L5900;;;Maison;;;2. 1 an et plus;;;;6,5;7,8;9,2;10,7;12,4;9,1;540;650;750;900;1100;802;88;1859;;Estimation directe
B5900;2023;L5900;;;Maison;;;2. 1 an et plus;;Maison;;6,5;7,8;9,2;10,7;12,4;9,1;540;650;750;900;1100;802;88;1859;;Estimation directe
B5900;2023;L5900;;;Maison;;1. Avant 1946;;;;;6,4;7,7;9,1;10,6;12,8;8,8;540;630;725;825;970;748;85;1323;13117;Estimation directe
B5900;2023;L5900;;;Maison;;1. Avant 1946;;1. Moins de 1 an;;;7,0;8,8;10,0;11,8;14,2;9,6;600;690;785;900;1120;829;86;340;;Estimation directe
B5900;2023;L5900;;;Maison;;1. Avant 1946;;2. 1 an et plus;;;6,2;7,5;8,8;10,2;12,1;8,6;520;610;702;800;913;724;84;983;;Estimation directe
B5900;2023;L5900;;;Maison;;2. Entre 1946-1970;;;;;6,7;8,3;9,6;10,4;11,9;9,4;540;700;822;950;1200;875;93;281;6217;Estimation directe
B5900;2023;L5900;;;Maison;;2. Entre 1946-1970;;1. Moins de 1 an;;;8,6;9,2;10,0;11,0;13,4;10,3;630;780;870;950;1080;871;84;70;;Estimation directe
B5900;2023;L5900;;;Maison;;2. Entre 1946-1970;;2. 1 an et plus;;;6,6;8,0;9,6;10,2;11,7;9,2;540;694;815;950;1200;875;95;211;;Estimation directe
B5900;2023;L5900;;;Maison;;3. Entre 1971-1990;;;;;7,7;8,5;10,0;11,8;13,6;10,3;690;828;942;1100;1432;987;96;239;3855;Estimation directe
B5900;2023;L5900;;;Maison;;3. Entre 1971-1990;;1. Moins de 1 an;;;9,4;10,0;10,1;11,9;14,1;11,4;828;828;1000;1090;1400;1071;94;61;;Estimation directe
B5900;2023;L5900;;;Maison;;3. Entre 1971-1990;;2. 1 an et plus;;;7,7;8,3;9,6;11,8;13,1;10,0;676;801;931;1100;1500;968;97;178;;Estimation directe
B5900;2023;L5900;;;Maison;;4. Entre 1991-2005;;;;;8,6;9,8;10,8;12,2;13,1;10,8;738;840;995;1300;1400;1069;99;232;2423;Estimation directe
B5900;2023;L5900;;;Maison;;4. Entre 1991-2005;;1. Moins de 1 an;;;10,4;11,2;11,7;12,6;12,9;11,8;700;878;1215;1300;1437;1107;93;51;;Estimation directe
B5900;2023;L5900;;;Maison;;4. Entre 1991-2005;;2. 1 an et plus;;;8,2;9,6;10,6;12,0;13,1;10,6;738;827;963;1340;1400;1063;100;181;;Estimation directe
B5900;2023;L5900;;;Maison;;5. Apr�s 2005;;;;;8,4;9,7;10,6;11,4;12,4;10,5;720;800;939;1086;1300;976;93;441;2729;Estimation directe
B5900;2023;L5900;;;Maison;;5. Apr�s 2005;;1. Moins de 1 an;;;8,4;9,4;10,2;11,3;12,4;10,4;720;800;900;1100;1500;995;95;135;;Estimation directe
B5900;2023;L5900;;;Maison;;5. Apr�s 2005;;2. 1 an et plus;;;8,6;9,9;10,7;11,4;12,2;10,5;723;800;944;1080;1284;963;92;306;;Estimation directe
B5900;2023;L5900;;;Maison;1. Avant 1946;;;;;;6,4;7,7;9,1;10,6;12,8;8,8;540;630;725;825;970;748;85;1323;13117;Estimation directe
B5900;2023;L5900;;;Maison;1. Avant 1946;;1. Moins de 1 an;;;;7,0;8,8;10,0;11,8;14,2;9,6;600;690;785;900;1120;829;86;340;;Estimation directe
B5900;2023;L5900;;;Maison;1. Avant 1946;;2. 1 an et plus;;;;6,2;7,5;8,8;10,2;12,1;8,6;520;610;702;800;913;724;84;983;;Estimation directe
B5900;2023;L5900;;;Maison;2. Entre 1946-1970;;;;;;6,7;8,3;9,6;10,4;11,9;9,4;540;700;822;950;1200;875;93;281;6217;Estimation directe
B5900;2023;L5900;;;Maison;2. Entre 1946-1970;;1. Moins de 1 an;;;;8,6;9,2;10,0;11,0;13,4;10,3;630;780;870;950;1080;871;84;70;;Estimation directe
B5900;2023;L5900;;;Maison;2. Entre 1946-1970;;2. 1 an et plus;;;;6,6;8,0;9,6;10,2;11,7;9,2;540;694;815;950;1200;875;95;211;;Estimation directe
B5900;2023;L5900;;;Maison;3. Entre 1971-1990;;;;;;7,7;8,5;10,0;11,8;13,6;10,3;690;828;942;1100;1432;987;96;239;3855;Estimation directe
B5900;2023;L5900;;;Maison;3. Entre 1971-1990;;1. Moins de 1 an;;;;9,4;10,0;10,1;11,9;14,1;11,4;828;828;1000;1090;1400;1071;94;61;;Estimation directe
B5900;2023;L5900;;;Maison;3. Entre 1971-1990;;2. 1 an et plus;;;;7,7;8,3;9,6;11,8;13,1;10,0;676;801;931;1100;1500;968;97;178;;Estimation directe
B5900;2023;L5900;;;Maison;4. Entre 1991-2005;;;;;;8,6;9,8;10,8;12,2;13,1;10,8;738;840;995;1300;1400;1069;99;232;2423;Estimation directe
B5900;2023;L5900;;;Maison;4. Entre 1991-2005;;1. Moins de 1 an;;;;10,4;11,2;11,7;12,6;12,9;11,8;700;878;1215;1300;1437;1107;93;51;;Estimation directe
B5900;2023;L5900;;;Maison;4. Entre 1991-2005;;2. 1 an et plus;;;;8,2;9,6;10,6;12,0;13,1;10,6;738;827;963;1340;1400;1063;100;181;;Estimation directe
B5900;2023;L5900;;;Maison;5. Apr�s 2005;;;;;;8,4;9,7;10,6;11,4;12,4;10,5;720;800;939;1086;1300;976;93;441;2729;Estimation directe
B5900;2023;L5900;;;Maison;5. Apr�s 2005;;1. Moins de 1 an;;;;8,4;9,4;10,2;11,3;12,4;10,4;720;800;900;1100;1500;995;95;135;;Estimation directe
B5900;2023;L5900;;;Maison;5. Apr�s 2005;;2. 1 an et plus;;;;8,6;9,9;10,7;11,4;12,2;10,5;723;800;944;1080;1284;963;92;306;;Estimation directe
B5900;2023;L5900;;;Appartement;;;;;;;8,9;10,6;12,5;14,9;17,6;12,0;419;499;596;702;850;627;52;24773;86867;Estimation directe
B5900;2023;L5900;;;Appartement;;;;;;Appart 1P;12,1;14,1;16,5;19,2;22,2;16,0;340;393;447;500;550;446;28;4621;16883;Estimation directe
B5900;2023;L5900;;;Appartement;;;;;;Appart 2P;10,2;11,6;13,1;14,8;16,6;12,9;450;503;560;628;690;567;44;11565;36020;Estimation directe
B5900;2023;L5900;;;Appartement;;;;;;Appart 3P;8,5;9,8;11,0;12,3;13,9;11,0;553;621;700;800;900;719;65;6958;22981;Estimation directe
B5900;2023;L5900;;;Appartement;;;;;;Appart 4P+;6,6;8,2;9,9;11,7;13,3;10,1;610;690;820;1000;1260;910;90;1629;10983;Estimation directe
B5900;2023;L5900;;;Appartement;;;;;Appart 1P;;12,1;14,1;16,5;19,2;22,2;16,0;340;393;447;500;550;446;28;4621;16883;Estimation directe
B5900;2023;L5900;;;Appartement;;;;;Appart 2P;;10,2;11,6;13,1;14,8;16,6;12,9;450;503;560;628;690;567;44;11565;36020;Estimation directe
B5900;2023;L5900;;;Appartement;;;;;Appart 3P;;8,5;9,8;11,0;12,3;13,9;11,0;553;621;700;800;900;719;65;6958;22981;Estimation directe
B5900;2023;L5900;;;Appartement;;;;;Appart 4P+;;6,6;8,2;9,9;11,7;13,3;10,1;610;690;820;1000;1260;910;90;1629;10983;Estimation directe
B5900;2023;L5900;;;Appartement;;;;1. Moins de 1 an;;;9,7;11,1;13,0;15,3;18,3;12,6;425;510;600;725;886;647;51;8463;;Estimation directe
B5900;2023;L5900;;;Appartement;;;;1. Moins de 1 an;;Appart 1P;12,4;14,6;17,1;19,9;22,3;16,4;337;400;454;520;558;456;28;1719;;Estimation directe
B5900;2023;L5900;;;Appartement;;;;1. Moins de 1 an;;Appart 2P;10,9;11,9;13,3;15,0;16,7;13,3;467;516;573;640;700;578;44;3996;;Estimation directe
B5900;2023;L5900;;;Appartement;;;;1. Moins de 1 an;;Appart 3P;9,1;10,3;11,4;12,9;14,6;11,5;583;650;730;839;927;750;65;2271;;Estimation directe
B5900;2023;L5900;;;Appartement;;;;1. Moins de 1 an;;Appart 4P+;7,7;9,3;10,7;12,6;13,8;11,3;620;750;888;1040;1260;1001;88;477;;Estimation directe
B5900;2023;L5900;;;Appartement;;;;2. 1 an et plus;;;8,6;10,3;12,2;14,6;17,3;11,6;410;490;591;700;835;616;53;16310;;Estimation directe
B5900;2023;L5900;;;Appartement;;;;2. 1 an et plus;;Appart 1P;11,8;13,7;16,1;18,9;22,1;15,8;340;390;440;490;544;440;28;2902;;Estimation directe
B5900;2023;L5900;;;Appartement;;;;2. 1 an et plus;;Appart 2P;9,9;11,4;12,9;14,7;16,4;12,7;441;500;555;620;683;561;44;7569;;Estimation directe
B5900;2023;L5900;;;Appartement;;;;2. 1 an et plus;;Appart 3P;8,1;9,5;10,8;12,0;13,3;10,7;538;608;691;781;880;702;66;4687;;Estimation directe
B5900;2023;L5900;;;Appartement;;;;2. 1 an et plus;;Appart 4P+;6,4;7,8;9,3;11,3;12,7;9,5;600;670;800;970;1260;862;91;1152;;Estimation directe
B5900;2023;L5900;;;Appartement;;;1. Moins de 1 an;;;;9,7;11,1;13,0;15,3;18,3;12,6;425;510;600;725;886;647;51;8463;;Estimation directe
B5900;2023;L5900;;;Appartement;;;1. Moins de 1 an;;Appart 1P;;12,4;14,6;17,1;19,9;22,3;16,4;337;400;454;520;558;456;28;1719;;Estimation directe
B5900;2023;L5900;;;Appartement;;;1. Moins de 1 an;;Appart 2P;;10,9;11,9;13,3;15,0;16,7;13,3;467;516;573;640;700;578;44;3996;;Estimation directe
B5900;2023;L5900;;;Appartement;;;1. Moins de 1 an;;Appart 3P;;9,1;10,3;11,4;12,9;14,6;11,5;583;650;730;839;927;750;65;2271;;Estimation directe
B5900;2023;L5900;;;Appartement;;;1. Moins de 1 an;;Appart 4P+;;7,7;9,3;10,7;12,6;13,8;11,3;620;750;888;1040;1260;1001;88;477;;Estimation directe
B5900;2023;L5900;;;Appartement;;;2. 1 an et plus;;;;8,6;10,3;12,2;14,6;17,3;11,6;410;490;591;700;835;616;53;16310;;Estimation directe
B5900;2023;L5900;;;Appartement;;;2. 1 an et plus;;Appart 1P;;11,8;13,7;16,1;18,9;22,1;15,8;340;390;440;490;544;440;28;2902;;Estimation directe
B5900;2023;L5900;;;Appartement;;;2. 1 an et plus;;Appart 2P;;9,9;11,4;12,9;14,7;16,4;12,7;441;500;555;620;683;561;44;7569;;Estimation directe
B5900;2023;L5900;;;Appartement;;;2. 1 an et plus;;Appart 3P;;8,1;9,5;10,8;12,0;13,3;10,7;538;608;691;781;880;702;66;4687;;Estimation directe
B5900;2023;L5900;;;Appartement;;;2. 1 an et plus;;Appart 4P+;;6,4;7,8;9,3;11,3;12,7;9,5;600;670;800;970;1260;862;91;1152;;Estimation directe
B5900;2023;L5900;;;Appartement;;1. Avant 1946;;;;;8,8;10,7;13,0;16,1;19,2;12,4;400;460;550;650;800;595;48;4982;18997;Estimation directe
B5900;2023;L5900;;;Appartement;;1. Avant 1946;;1. Moins de 1 an;;;9,9;11,4;13,8;16,7;20,0;13,5;400;482;575;670;823;629;47;1857;;Estimation directe
B5900;2023;L5900;;;Appartement;;1. Avant 1946;;2. 1 an et plus;;;8,5;10,0;12,6;15,6;18,8;11,8;396;453;549;650;779;575;49;3125;;Estimation directe
B5900;2023;L5900;;;Appartement;;2. Entre 1946-1970;;;;;8,2;9,6;11,3;14,0;17,0;11,1;420;504;607;735;900;644;58;1534;14653;Estimation directe
B5900;2023;L5900;;;Appartement;;2. Entre 1946-1970;;1. Moins de 1 an;;;8,9;10,0;12,0;14,5;17,8;11,5;440;520;620;760;930;662;57;440;;Estimation directe
B5900;2023;L5900;;;Appartement;;2. Entre 1946-1970;;2. 1 an et plus;;;8,0;9,5;11,0;13,2;16,9;10,8;410;500;600;700;850;634;59;1094;;Estimation directe
B5900;2023;L5900;;;Appartement;;3. Entre 1971-1990;;;;;8,4;10,5;12,5;15,2;17,7;11,9;400;479;572;704;881;619;52;3689;19262;Estimation directe
B5900;2023;L5900;;;Appartement;;3. Entre 1971-1990;;1. Moins de 1 an;;;9,6;11,3;13,5;15,7;18,4;12,7;400;500;600;732;930;635;50;1124;;Estimation directe
B5900;2023;L5900;;;Appartement;;3. Entre 1971-1990;;2. 1 an et plus;;;8,1;10,0;12,1;14,6;17,4;11,4;395;468;560;691;850;610;53;2565;;Estimation directe
B5900;2023;L5900;;;Appartement;;4. Entre 1991-2005;;;;;9,6;11,4;13,3;15,4;17,7;12,5;460;530;635;756;904;664;53;4165;15792;Estimation directe
B5900;2023;L5900;;;Appartement;;4. Entre 1991-2005;;1. Moins de 1 an;;;10,2;11,7;13,8;16,0;18,0;12,8;460;530;636;774;905;670;52;1186;;Estimation directe
B5900;2023;L5900;;;Appartement;;4. Entre 1991-2005;;2. 1 an et plus;;;9,4;11,2;13,2;15,3;17,5;12,4;454;530;631;750;897;661;53;2979;;Estimation directe
B5900;2023;L5900;;;Appartement;;5. Apr�s 2005;;;;;9,5;10,7;12,0;13,3;14,7;11,5;475;540;630;740;851;654;57;10403;18162;Estimation directe
B5900;2023;L5900;;;Appartement;;5. Apr�s 2005;;1. Moins de 1 an;;;10,0;10,9;12,1;13,4;14,6;11,9;475;538;630;749;899;663;56;3856;;Estimation directe
B5900;2023;L5900;;;Appartement;;5. Apr�s 2005;;2. 1 an et plus;;;9,1;10,5;11,8;13,2;14,7;11,3;477;543;632;739;831;648;57;6547;;Estimation directe
B5900;2023;L5900;;;Appartement;1. Avant 1946;;;;;;8,8;10,7;13,0;16,1;19,2;12,4;400;460;550;650;800;595;48;4982;18997;Estimation directe
B5900;2023;L5900;;;Appartement;1. Avant 1946;;1. Moins de 1 an;;;;9,9;11,4;13,8;16,7;20,0;13,5;400;482;575;670;823;629;47;1857;;Estimation directe
B5900;2023;L5900;;;Appartement;1. Avant 1946;;2. 1 an et plus;;;;8,5;10,0;12,6;15,6;18,8;11,8;396;453;549;650;779;575;49;3125;;Estimation directe
B5900;2023;L5900;;;Appartement;2. Entre 1946-1970;;;;;;8,2;9,6;11,3;14,0;17,0;11,1;420;504;607;735;900;644;58;1534;14653;Estimation directe
B5900;2023;L5900;;;Appartement;2. Entre 1946-1970;;1. Moins de 1 an;;;;8,9;10,0;12,0;14,5;17,8;11,5;440;520;620;760;930;662;57;440;;Estimation directe
B5900;2023;L5900;;;Appartement;2. Entre 1946-1970;;2. 1 an et plus;;;;8,0;9,5;11,0;13,2;16,9;10,8;410;500;600;700;850;634;59;1094;;Estimation directe
B5900;2023;L5900;;;Appartement;3. Entre 1971-1990;;;;;;8,4;10,5;12,5;15,2;17,7;11,9;400;479;572;704;881;619;52;3689;19262;Estimation directe
B5900;2023;L5900;;;Appartement;3. Entre 1971-1990;;1. Moins de 1 an;;;;9,6;11,3;13,5;15,7;18,4;12,7;400;500;600;732;930;635;50;1124;;Estimation directe
B5900;2023;L5900;;;Appartement;3. Entre 1971-1990;;2. 1 an et plus;;;;8,1;10,0;12,1;14,6;17,4;11,4;395;468;560;691;850;610;53;2565;;Estimation directe
B5900;2023;L5900;;;Appartement;4. Entre 1991-2005;;;;;;9,6;11,4;13,3;15,4;17,7;12,5;460;530;635;756;904;664;53;4165;15792;Estimation directe
B5900;2023;L5900;;;Appartement;4. Entre 1991-2005;;1. Moins de 1 an;;;;10,2;11,7;13,8;16,0;18,0;12,8;460;530;636;774;905;670;52;1186;;Estimation directe
B5900;2023;L5900;;;Appartement;4. Entre 1991-2005;;2. 1 an et plus;;;;9,4;11,2;13,2;15,3;17,5;12,4;454;530;631;750;897;661;53;2979;;Estimation directe
B5900;2023;L5900;;;Appartement;5. Apr�s 2005;;;;;;9,5;10,7;12,0;13,3;14,7;11,5;475;540;630;740;851;654;57;10403;18162;Estimation directe
B5900;2023;L5900;;;Appartement;5. Apr�s 2005;;1. Moins de 1 an;;;;10,0;10,9;12,1;13,4;14,6;11,9;475;538;630;749;899;663;56;3856;;Estimation directe
B5900;2023;L5900;;;Appartement;5. Apr�s 2005;;2. 1 an et plus;;;;9,1;10,5;11,8;13,2;14,7;11,3;477;543;632;739;831;648;57;6547;;Estimation directe
B5900;2023;L5900;L5900.1.01;;;;;;;;;11,1;12,9;15,0;17,4;20,0;14,2;441;530;650;820;1100;724;51;3546;12034;Estimation directe
B5900;2023;L5900;L5900.1.01;;;;;;;;Maison 1-3P;;;;;;;;;;;;;;7;;Estimation directe
B5900;2023;L5900;L5900.1.01;;;;;;;;Ensemble 4P+;8,9;10,6;12,2;13,9;14,8;12,1;781;950;1200;1460;1822;1246;103;202;1408;Estimation directe
B5900;2023;L5900;L5900.1.01;;;;;;;;Maison 4P+;;;;;;;;;;;;;;13;;Estimation directe
B5900;2023;L5900;L5900.1.01;;;;;;;;Appart 1P;14,9;16,3;18,7;20,5;23,9;18,3;381;431;490;540;600;490;27;1075;3217;Estimation directe
B5900;2023;L5900;L5900.1.01;;;;;;;;Appart 2P;11,6;13,4;14,9;16,4;17,9;14,5;513;579;632;701;762;639;44;1541;4889;Estimation directe
B5900;2023;L5900;L5900.1.01;;;;;;;;Appart 3P;10,5;11,9;13,3;15,0;16,4;13,4;668;760;876;980;1129;898;67;721;2434;Estimation directe
B5900;2023;L5900;L5900.1.01;;;;;;;;Appart 4P+;8,5;10,5;12,3;13,8;14,8;12,1;730;932;1196;1387;1600;1182;97;189;1287;Estimation directe
B5900;2023;L5900;L5900.1.01;;;;;;;;Ensemble 1P;15,0;16,3;18,7;20,6;24,2;18,3;382;433;490;540;600;489;27;1076;3223;Estimation directe
B5900;2023;L5900;L5900.1.01;;;;;;;;Ensemble 2P;11,6;13,4;14,9;16,5;17,9;14,6;513;580;632;705;772;641;44;1543;4913;Estimation directe
B5900;2023;L5900;L5900.1.01;;;;;;;;Ensemble 3P;10,5;11,9;13,3;15,2;16,5;13,4;668;763;880;980;1129;900;67;725;2489;Estimation directe
B5900;2023;L5900;L5900.1.01;;;;;;;Maison;;;;;;;;;;;;;;;20;;Estimation directe
B5900;2023;L5900;L5900.1.01;;;;;;;Appart 1P;;14,9;16,3;18,7;20,5;23,9;18,3;381;431;490;540;600;490;27;1075;3217;Estimation directe
B5900;2023;L5900;L5900.1.01;;;;;;;Appart 2P;;11,6;13,4;14,9;16,4;17,9;14,5;513;579;632;701;762;639;44;1541;4889;Estimation directe
B5900;2023;L5900;L5900.1.01;;;;;;;Appart 3P;;10,5;11,9;13,3;15,0;16,4;13,4;668;760;876;980;1129;898;67;721;2434;Estimation directe
B5900;2023;L5900;L5900.1.01;;;;;;;Appart 4P+;;8,5;10,5;12,3;13,8;14,8;12,1;730;932;1196;1387;1600;1182;97;189;1287;Estimation directe
B5900;2023;L5900;L5900.1.01;;;;;;;Ensemble 1P;;15,0;16,3;18,7;20,6;24,2;18,3;382;433;490;540;600;489;27;1076;3223;Estimation directe
B5900;2023;L5900;L5900.1.01;;;;;;;Ensemble 3P;;11,6;13,4;14,9;16,5;17,9;14,6;513;580;632;705;772;641;44;1543;4913;Estimation directe
B5900;2023;L5900;L5900.1.01;;;;;;;Ensemble 3P;;10,5;11,9;13,3;15,2;16,5;13,4;668;763;880;980;1129;900;67;725;2489;Estimation directe
B5900;2023;L5900;L5900.1.01;;;;;;;Ensemble 4P+;;8,9;10,6;12,2;13,9;14,8;12,1;781;950;1200;1460;1822;1246;103;202;1408;Estimation directe
B5900;2023;L5900;L5900.1.01;;;;;;1. Moins de 1 an;;;11,6;13,5;15,3;18,2;20,8;14,5;446;517;640;850;1125;717;49;1303;;Estimation directe
B5900;2023;L5900;L5900.1.01;;;;;;1. Moins de 1 an;;Maison 1-3P;;;;;;;;;;;;;;2;;Estimation directe
B5900;2023;L5900;L5900.1.01;;;;;;1. Moins de 1 an;;Ensemble 4P+;5,9;10,5;12,3;13,4;14,4;11,8;400;950;1150;1307;1530;1149;98;59;;Estimation directe
B5900;2023;L5900;L5900.1.01;;;;;;1. Moins de 1 an;;Maison 4P+;;;;;;;;;;;;;;5;;Estimation directe
B5900;2023;L5900;L5900.1.01;;;;;;1. Moins de 1 an;;Appart 1P;15,5;17,3;18,9;21,4;24,2;18,9;398;445;495;537;589;493;26;468;;Estimation directe
B5900;2023;L5900;L5900.1.01;;;;;;1. Moins de 1 an;;Appart 2P;12,4;13,6;15,1;16,8;18,5;14,9;520;593;641;710;785;652;44;506;;Estimation directe
B5900;2023;L5900;L5900.1.01;;;;;;1. Moins de 1 an;;Appart 3P;11,2;12,5;13,8;15,3;16,2;13,7;676;776;920;1000;1129;916;67;268;;Estimation directe
B5900;2023;L5900;L5900.1.01;;;;;;1. Moins de 1 an;;Appart 4P+;5,9;10,5;12,3;13,4;14,4;11,8;400;950;1150;1269;1500;1119;95;54;;Estimation directe
B5900;2023;L5900;L5900.1.01;;;;;;1. Moins de 1 an;;Ensemble 1P;15,5;17,3;18,9;21,4;24,2;18,9;398;445;495;537;589;493;26;468;;Estimation directe
B5900;2023;L5900;L5900.1.01;;;;;;1. Moins de 1 an;;Ensemble 2P;12,4;13,6;15,1;16,8;18,5;14,9;520;593;641;710;785;652;44;506;;Estimation directe
B5900;2023;L5900;L5900.1.01;;;;;;1. Moins de 1 an;;Ensemble 3P;11,2;12,5;13,8;15,3;16,2;13,7;676;776;920;1000;1129;919;67;270;;Estimation directe
B5900;2023;L5900;L5900.1.01;;;;;;2. 1 an et plus;;;10,8;12,6;14,7;16,7;19,4;14,0;440;540;650;807;1077;729;52;2243;;Estimation directe
B5900;2023;L5900;L5900.1.01;;;;;;2. 1 an et plus;;Maison 1-3P;;;;;;;;;;;;;;5;;Estimation directe
B5900;2023;L5900;L5900.1.01;;;;;;2. 1 an et plus;;Ensemble 4P+;9,1;10,7;12,1;14,0;15,0;12,3;781;878;1238;1573;2000;1304;106;143;;Estimation directe
B5900;2023;L5900;L5900.1.01;;;;;;2. 1 an et plus;;Maison 4P+;;;;;;;;;;;;;;8;;Estimation directe
B5900;2023;L5900;L5900.1.01;;;;;;2. 1 an et plus;;Appart 1P;14,6;15,6;18,1;20,0;23,9;17,8;350;430;481;550;620;488;27;607;;Estimation directe
B5900;2023;L5900;L5900.1.01;;;;;;2. 1 an et plus;;Appart 2P;11,2;13,2;14,6;16,3;17,6;14,3;500;569;630;700;754;633;44;1035;;Estimation directe
B5900;2023;L5900;L5900.1.01;;;;;;2. 1 an et plus;;Appart 3P;10,4;11,5;12,7;14,4;16,4;13,2;668;750;850;957;1112;887;67;453;;Estimation directe
B5900;2023;L5900;L5900.1.01;;;;;;2. 1 an et plus;;Appart 4P+;9,1;10,7;12,1;13,8;15,1;12,3;781;843;1200;1480;1651;1222;99;135;;Estimation directe
B5900;2023;L5900;L5900.1.01;;;;;;2. 1 an et plus;;Ensemble 1P;14,6;15,6;18,2;20,0;24,1;17,9;350;430;480;550;616;487;27;608;;Estimation directe
B5900;2023;L5900;L5900.1.01;;;;;;2. 1 an et plus;;Ensemble 2P;11,3;13,3;14,7;16,3;17,6;14,4;500;569;630;700;760;635;44;1037;;Estimation directe
B5900;2023;L5900;L5900.1.01;;;;;;2. 1 an et plus;;Ensemble 3P;10,4;11,5;12,8;14,5;16,7;13,2;668;750;855;956;1110;888;67;455;;Estimation directe
B5900;2023;L5900;L5900.1.01;;;;;1. Moins de 1 an;;;;11,6;13,5;15,3;18,2;20,8;14,5;446;517;640;850;1125;717;49;1303;;Estimation directe
B5900;2023;L5900;L5900.1.01;;;;;1. Moins de 1 an;;Maison;;;;;;;;;;;;;;;7;;Estimation directe
B5900;2023;L5900;L5900.1.01;;;;;1. Moins de 1 an;;Appart 1P;;15,5;17,3;18,9;21,4;24,2;18,9;398;445;495;537;589;493;26;468;;Estimation directe
B5900;2023;L5900;L5900.1.01;;;;;1. Moins de 1 an;;Appart 2P;;12,4;13,6;15,1;16,8;18,5;14,9;520;593;641;710;785;652;44;506;;Estimation directe
B5900;2023;L5900;L5900.1.01;;;;;1. Moins de 1 an;;Appart 3P;;11,2;12,5;13,8;15,3;16,2;13,7;676;776;920;1000;1129;916;67;268;;Estimation directe
B5900;2023;L5900;L5900.1.01;;;;;1. Moins de 1 an;;Appart 4P+;;5,9;10,5;12,3;13,4;14,4;11,8;400;950;1150;1269;1500;1119;95;54;;Estimation directe
B5900;2023;L5900;L5900.1.01;;;;;1. Moins de 1 an;;Ensemble 1P;;15,5;17,3;18,9;21,4;24,2;18,9;398;445;495;537;589;493;26;468;;Estimation directe
B5900;2023;L5900;L5900.1.01;;;;;1. Moins de 1 an;;Ensemble 3P;;12,4;13,6;15,1;16,8;18,5;14,9;520;593;641;710;785;652;44;506;;Estimation directe
B5900;2023;L5900;L5900.1.01;;;;;1. Moins de 1 an;;Ensemble 3P;;11,2;12,5;13,8;15,3;16,2;13,7;676;776;920;1000;1129;919;67;270;;Estimation directe
B5900;2023;L5900;L5900.1.01;;;;;1. Moins de 1 an;;Ensemble 4P+;;5,9;10,5;12,3;13,4;14,4;11,8;400;950;1150;1307;1530;1149;98;59;;Estimation directe
B5900;2023;L5900;L5900.1.01;;;;;2. 1 an et plus;;;;10,8;12,6;14,7;16,7;19,4;14,0;440;540;650;807;1077;729;52;2243;;Estimation directe
B5900;2023;L5900;L5900.1.01;;;;;2. 1 an et plus;;Maison;;;;;;;;;;;;;;;13;;Estimation directe
B5900;2023;L5900;L5900.1.01;;;;;2. 1 an et plus;;Appart 1P;;14,6;15,6;18,1;20,0;23,9;17,8;350;430;481;550;620;488;27;607;;Estimation directe
B5900;2023;L5900;L5900.1.01;;;;;2. 1 an et plus;;Appart 2P;;11,2;13,2;14,6;16,3;17,6;14,3;500;569;630;700;754;633;44;1035;;Estimation directe
B5900;2023;L5900;L5900.1.01;;;;;2. 1 an et plus;;Appart 3P;;10,4;11,5;12,7;14,4;16,4;13,2;668;750;850;957;1112;887;67;453;;Estimation directe
B5900;2023;L5900;L5900.1.01;;;;;2. 1 an et plus;;Appart 4P+;;9,1;10,7;12,1;13,8;15,1;12,3;781;843;1200;1480;1651;1222;99;135;;Estimation directe
B5900;2023;L5900;L5900.1.01;;;;;2. 1 an et plus;;Ensemble 1P;;14,6;15,6;18,2;20,0;24,1;17,9;350;430;480;550;616;487;27;608;;Estimation directe
B5900;2023;L5900;L5900.1.01;;;;;2. 1 an et plus;;Ensemble 3P;;11,3;13,3;14,7;16,3;17,6;14,4;500;569;630;700;760;635;44;1037;;Estimation directe
B5900;2023;L5900;L5900.1.01;;;;;2. 1 an et plus;;Ensemble 3P;;10,4;11,5;12,8;14,5;16,7;13,2;668;750;855;956;1110;888;67;455;;Estimation directe
B5900;2023;L5900;L5900.1.01;;;;;2. 1 an et plus;;Ensemble 4P+;;9,1;10,7;12,1;14,0;15,0;12,3;781;878;1238;1573;2000;1304;106;143;;Estimation directe
B5900;2023;L5900;L5900.1.01;;;;1. Avant 1946;;;;;11,0;13,0;15,3;18,1;21,7;14,4;430;504;638;820;1100;715;50;1292;3139;Estimation directe
B5900;2023;L5900;L5900.1.01;;;;1. Avant 1946;;1. Moins de 1 an;;;11,6;13,5;16,3;19,4;22,6;15,0;410;490;609;785;1058;683;46;530;;Estimation directe
B5900;2023;L5900;L5900.1.01;;;;1. Avant 1946;;2. 1 an et plus;;;10,7;12,6;14,7;17,1;20,8;14,1;441;540;650;840;1120;734;52;762;;Estimation directe
B5900;2023;L5900;L5900.1.01;;;;2. Entre 1946-1970;;;;;10,3;11,1;13,7;16,0;20,4;13,0;460;550;644;850;1260;779;60;268;2210;Estimation directe
B5900;2023;L5900;L5900.1.01;;;;2. Entre 1946-1970;;1. Moins de 1 an;;;10,5;12,0;14,2;16,0;20,5;13,3;460;570;750;965;1260;800;60;101;;Estimation directe
B5900;2023;L5900;L5900.1.01;;;;2. Entre 1946-1970;;2. 1 an et plus;;;10,1;10,8;13,2;15,8;20,0;12,7;445;550;630;790;1014;763;60;167;;Estimation directe
B5900;2023;L5900;L5900.1.01;;;;3. Entre 1971-1990;;;;;11,7;13,7;15,3;17,3;19,6;14,7;435;520;630;827;1150;730;50;614;3333;Estimation directe
B5900;2023;L5900;L5900.1.01;;;;3. Entre 1971-1990;;1. Moins de 1 an;;;11,6;13,5;15,3;17,1;20,0;14,5;460;540;640;925;1076;711;49;232;;Estimation directe
B5900;2023;L5900;L5900.1.01;;;;3. Entre 1971-1990;;2. 1 an et plus;;;11,7;13,8;15,2;17,6;19,6;14,8;430;492;612;797;1480;747;50;382;;Estimation directe
B5900;2023;L5900;L5900.1.01;;;;4. Entre 1991-2005;;;;;11,7;13,2;14,9;16,9;18,9;14,2;480;550;653;810;975;713;50;1142;2655;Estimation directe
B5900;2023;L5900;L5900.1.01;;;;4. Entre 1991-2005;;1. Moins de 1 an;;;12,3;13,5;15,0;17,5;19,5;14,5;475;540;660;850;1023;731;51;368;;Estimation directe
B5900;2023;L5900;L5900.1.01;;;;4. Entre 1991-2005;;2. 1 an et plus;;;11,4;13,1;14,7;16,7;18,7;14,1;480;559;651;800;942;705;50;774;;Estimation directe
B5900;2023;L5900;L5900.1.01;;;;5. Apr�s 2005;;;;;10,1;12,7;14,5;15,8;17,7;13,5;413;600;690;794;1107;730;54;230;697;Estimation directe
B5900;2023;L5900;L5900.1.01;;;;5. Apr�s 2005;;1. Moins de 1 an;;;12,6;13,7;15,1;15,3;17,4;14,4;550;650;690;956;1300;804;56;72;;Estimation directe
B5900;2023;L5900;L5900.1.01;;;;5. Apr�s 2005;;2. 1 an et plus;;;9,5;12,2;14,3;16,4;17,9;13,1;400;600;681;781;1046;695;53;158;;Estimation directe
B5900;2023;L5900;L5900.1.01;;;1. Avant 1946;;;;;;11,0;13,0;15,3;18,1;21,7;14,4;430;504;638;820;1100;715;50;1292;3139;Estimation directe
B5900;2023;L5900;L5900.1.01;;;1. Avant 1946;;1. Moins de 1 an;;;;11,6;13,5;16,3;19,4;22,6;15,0;410;490;609;785;1058;683;46;530;;Estimation directe
B5900;2023;L5900;L5900.1.01;;;1. Avant 1946;;2. 1 an et plus;;;;10,7;12,6;14,7;17,1;20,8;14,1;441;540;650;840;1120;734;52;762;;Estimation directe
B5900;2023;L5900;L5900.1.01;;;2. Entre 1946-1970;;;;;;10,3;11,1;13,7;16,0;20,4;13,0;460;550;644;850;1260;779;60;268;2210;Estimation directe
B5900;2023;L5900;L5900.1.01;;;2. Entre 1946-1970;;1. Moins de 1 an;;;;10,5;12,0;14,2;16,0;20,5;13,3;460;570;750;965;1260;800;60;101;;Estimation directe
B5900;2023;L5900;L5900.1.01;;;2. Entre 1946-1970;;2. 1 an et plus;;;;10,1;10,8;13,2;15,8;20,0;12,7;445;550;630;790;1014;763;60;167;;Estimation directe
B5900;2023;L5900;L5900.1.01;;;3. Entre 1971-1990;;;;;;11,7;13,7;15,3;17,3;19,6;14,7;435;520;630;827;1150;730;50;614;3333;Estimation directe
B5900;2023;L5900;L5900.1.01;;;3. Entre 1971-1990;;1. Moins de 1 an;;;;11,6;13,5;15,3;17,1;20,0;14,5;460;540;640;925;1076;711;49;232;;Estimation directe
B5900;2023;L5900;L5900.1.01;;;3. Entre 1971-1990;;2. 1 an et plus;;;;11,7;13,8;15,2;17,6;19,6;14,8;430;492;612;797;1480;747;50;382;;Estimation directe
B5900;2023;L5900;L5900.1.01;;;4. Entre 1991-2005;;;;;;11,7;13,2;14,9;16,9;18,9;14,2;480;550;653;810;975;713;50;1142;2655;Estimation directe
B5900;2023;L5900;L5900.1.01;;;4. Entre 1991-2005;;1. Moins de 1 an;;;;12,3;13,5;15,0;17,5;19,5;14,5;475;540;660;850;1023;731;51;368;;Estimation directe
B5900;2023;L5900;L5900.1.01;;;4. Entre 1991-2005;;2. 1 an et plus;;;;11,4;13,1;14,7;16,7;18,7;14,1;480;559;651;800;942;705;50;774;;Estimation directe
B5900;2023;L5900;L5900.1.01;;;5. Apr�s 2005;;;;;;10,1;12,7;14,5;15,8;17,7;13,5;413;600;690;794;1107;730;54;230;697;Estimation directe
B5900;2023;L5900;L5900.1.01;;;5. Apr�s 2005;;1. Moins de 1 an;;;;12,6;13,7;15,1;15,3;17,4;14,4;550;650;690;956;1300;804;56;72;;Estimation directe
B5900;2023;L5900;L5900.1.01;;;5. Apr�s 2005;;2. 1 an et plus;;;;9,5;12,2;14,3;16,4;17,9;13,1;400;600;681;781;1046;695;53;158;;Estimation directe
B5900;2023;L5900;L5900.1.01;;Maison;;;;;;;;;;;;;;;;;;;;20;;Estimation directe
B5900;2023;L5900;L5900.1.01;;Maison;;;;;;Maison 1-3P;;;;;;;;;;;;;;7;;Estimation directe
B5900;2023;L5900;L5900.1.01;;Maison;;;;;;Maison 4P+;;;;;;;;;;;;;;13;;Estimation directe
B5900;2023;L5900;L5900.1.01;;Maison;;;;;Maison;;;;;;;;;;;;;;;20;;Estimation directe
B5900;2023;L5900;L5900.1.01;;Maison;;;;1. Moins de 1 an;;;;;;;;;;;;;;;;7;;Estimation directe
B5900;2023;L5900;L5900.1.01;;Maison;;;;1. Moins de 1 an;;Maison 1-3P;;;;;;;;;;;;;;2;;Estimation directe
B5900;2023;L5900;L5900.1.01;;Maison;;;;1. Moins de 1 an;;Maison 4P+;;;;;;;;;;;;;;5;;Estimation directe
B5900;2023;L5900;L5900.1.01;;Maison;;;;2. 1 an et plus;;;;;;;;;;;;;;;;13;;Estimation directe
B5900;2023;L5900;L5900.1.01;;Maison;;;;2. 1 an et plus;;Maison 1-3P;;;;;;;;;;;;;;5;;Estimation directe
B5900;2023;L5900;L5900.1.01;;Maison;;;;2. 1 an et plus;;Maison 4P+;;;;;;;;;;;;;;8;;Estimation directe
B5900;2023;L5900;L5900.1.01;;Maison;;;1. Moins de 1 an;;;;;;;;;;;;;;;;;7;;Estimation directe
B5900;2023;L5900;L5900.1.01;;Maison;;;1. Moins de 1 an;;Maison;;;;;;;;;;;;;;;7;;Estimation directe
B5900;2023;L5900;L5900.1.01;;Maison;;;2. 1 an et plus;;;;;;;;;;;;;;;;;13;;Estimation directe
B5900;2023;L5900;L5900.1.01;;Maison;;;2. 1 an et plus;;Maison;;;;;;;;;;;;;;;13;;Estimation directe
B5900;2023;L5900;L5900.1.01;;Maison;;1. Avant 1946;;;;;;;;;;;;;;;;;;14;;Estimation directe
B5900;2023;L5900;L5900.1.01;;Maison;;1. Avant 1946;;1. Moins de 1 an;;;;;;;;;;;;;;;;4;;Estimation directe
B5900;2023;L5900;L5900.1.01;;Maison;;1. Avant 1946;;2. 1 an et plus;;;;;;;;;;;;;;;;10;;Estimation directe
B5900;2023;L5900;L5900.1.01;;Maison;;2. Entre 1946-1970;;;;;;;;;;;;;;;;;;3;;Estimation directe
B5900;2023;L5900;L5900.1.01;;Maison;;2. Entre 1946-1970;;1. Moins de 1 an;;;;;;;;;;;;;;;;1;;Estimation directe
B5900;2023;L5900;L5900.1.01;;Maison;;2. Entre 1946-1970;;2. 1 an et plus;;;;;;;;;;;;;;;;2;;Estimation directe
B5900;2023;L5900;L5900.1.01;;Maison;;3. Entre 1971-1990;;;;;;;;;;;;;;;;;;3;;Estimation directe
B5900;2023;L5900;L5900.1.01;;Maison;;3. Entre 1971-1990;;1. Moins de 1 an;;;;;;;;;;;;;;;;2;;Estimation directe
B5900;2023;L5900;L5900.1.01;;Maison;;3. Entre 1971-1990;;2. 1 an et plus;;;;;;;;;;;;;;;;1;;Estimation directe
B5900;2023;L5900;L5900.1.01;;Maison;;4. Entre 1991-2005;;;;;;;;;;;;;;;;;;;10;Estimation directe
B5900;2023;L5900;L5900.1.01;;Maison;;5. Apr�s 2005;;;;;;;;;;;;;;;;;;;8;Estimation directe
B5900;2023;L5900;L5900.1.01;;Maison;1. Avant 1946;;;;;;;;;;;;;;;;;;;14;;Estimation directe
B5900;2023;L5900;L5900.1.01;;Maison;1. Avant 1946;;1. Moins de 1 an;;;;;;;;;;;;;;;;;4;;Estimation directe
B5900;2023;L5900;L5900.1.01;;Maison;1. Avant 1946;;2. 1 an et plus;;;;;;;;;;;;;;;;;10;;Estimation directe
B5900;2023;L5900;L5900.1.01;;Maison;2. Entre 1946-1970;;;;;;;;;;;;;;;;;;;3;;Estimation directe
B5900;2023;L5900;L5900.1.01;;Maison;2. Entre 1946-1970;;1. Moins de 1 an;;;;;;;;;;;;;;;;;1;;Estimation directe
B5900;2023;L5900;L5900.1.01;;Maison;2. Entre 1946-1970;;2. 1 an et plus;;;;;;;;;;;;;;;;;2;;Estimation directe
B5900;2023;L5900;L5900.1.01;;Maison;3. Entre 1971-1990;;;;;;;;;;;;;;;;;;;3;;Estimation directe
B5900;2023;L5900;L5900.1.01;;Maison;3. Entre 1971-1990;;1. Moins de 1 an;;;;;;;;;;;;;;;;;2;;Estimation directe
B5900;2023;L5900;L5900.1.01;;Maison;3. Entre 1971-1990;;2. 1 an et plus;;;;;;;;;;;;;;;;;1;;Estimation directe
B5900;2023;L5900;L5900.1.01;;Maison;4. Entre 1991-2005;;;;;;;;;;;;;;;;;;;;10;Estimation directe
B5900;2023;L5900;L5900.1.01;;Maison;5. Apr�s 2005;;;;;;;;;;;;;;;;;;;;8;Estimation directe
B5900;2023;L5900;L5900.1.01;;Appartement;;;;;;;11,1;12,9;15,0;17,4;20,0;14,2;440;530;645;810;1060;711;50;3526;11827;Estimation directe
B5900;2023;L5900;L5900.1.01;;Appartement;;;;;;Appart 1P;14,9;16,3;18,7;20,5;23,9;18,3;381;431;490;540;600;490;27;1075;3217;Estimation directe
B5900;2023;L5900;L5900.1.01;;Appartement;;;;;;Appart 2P;11,6;13,4;14,9;16,4;17,9;14,5;513;579;632;701;762;639;44;1541;4889;Estimation directe
B5900;2023;L5900;L5900.1.01;;Appartement;;;;;;Appart 3P;10,5;11,9;13,3;15,0;16,4;13,4;668;760;876;980;1129;898;67;721;2434;Estimation directe
B5900;2023;L5900;L5900.1.01;;Appartement;;;;;;Appart 4P+;8,5;10,5;12,3;13,8;14,8;12,1;730;932;1196;1387;1600;1182;97;189;1287;Estimation directe
B5900;2023;L5900;L5900.1.01;;Appartement;;;;;Appart 1P;;14,9;16,3;18,7;20,5;23,9;18,3;381;431;490;540;600;490;27;1075;3217;Estimation directe
B5900;2023;L5900;L5900.1.01;;Appartement;;;;;Appart 2P;;11,6;13,4;14,9;16,4;17,9;14,5;513;579;632;701;762;639;44;1541;4889;Estimation directe
B5900;2023;L5900;L5900.1.01;;Appartement;;;;;Appart 3P;;10,5;11,9;13,3;15,0;16,4;13,4;668;760;876;980;1129;898;67;721;2434;Estimation directe
B5900;2023;L5900;L5900.1.01;;Appartement;;;;;Appart 4P+;;8,5;10,5;12,3;13,8;14,8;12,1;730;932;1196;1387;1600;1182;97;189;1287;Estimation directe
B5900;2023;L5900;L5900.1.01;;Appartement;;;;1. Moins de 1 an;;;11,6;13,5;15,3;18,2;20,8;14,6;445;515;640;850;1100;710;49;1296;;Estimation directe
B5900;2023;L5900;L5900.1.01;;Appartement;;;;1. Moins de 1 an;;Appart 1P;15,5;17,3;18,9;21,4;24,2;18,9;398;445;495;537;589;493;26;468;;Estimation directe
B5900;2023;L5900;L5900.1.01;;Appartement;;;;1. Moins de 1 an;;Appart 2P;12,4;13,6;15,1;16,8;18,5;14,9;520;593;641;710;785;652;44;506;;Estimation directe
B5900;2023;L5900;L5900.1.01;;Appartement;;;;1. Moins de 1 an;;Appart 3P;11,2;12,5;13,8;15,3;16,2;13,7;676;776;920;1000;1129;916;67;268;;Estimation directe
B5900;2023;L5900;L5900.1.01;;Appartement;;;;1. Moins de 1 an;;Appart 4P+;5,9;10,5;12,3;13,4;14,4;11,8;400;950;1150;1269;1500;1119;95;54;;Estimation directe
B5900;2023;L5900;L5900.1.01;;Appartement;;;;2. 1 an et plus;;;10,9;12,6;14,7;16,7;19,4;14,1;440;540;650;800;1047;711;51;2230;;Estimation directe
B5900;2023;L5900;L5900.1.01;;Appartement;;;;2. 1 an et plus;;Appart 1P;14,6;15,6;18,1;20,0;23,9;17,8;350;430;481;550;620;488;27;607;;Estimation directe
B5900;2023;L5900;L5900.1.01;;Appartement;;;;2. 1 an et plus;;Appart 2P;11,2;13,2;14,6;16,3;17,6;14,3;500;569;630;700;754;633;44;1035;;Estimation directe
B5900;2023;L5900;L5900.1.01;;Appartement;;;;2. 1 an et plus;;Appart 3P;10,4;11,5;12,7;14,4;16,4;13,2;668;750;850;957;1112;887;67;453;;Estimation directe
B5900;2023;L5900;L5900.1.01;;Appartement;;;;2. 1 an et plus;;Appart 4P+;9,1;10,7;12,1;13,8;15,1;12,3;781;843;1200;1480;1651;1222;99;135;;Estimation directe
B5900;2023;L5900;L5900.1.01;;Appartement;;;1. Moins de 1 an;;;;11,6;13,5;15,3;18,2;20,8;14,6;445;515;640;850;1100;710;49;1296;;Estimation directe
B5900;2023;L5900;L5900.1.01;;Appartement;;;1. Moins de 1 an;;Appart 1P;;15,5;17,3;18,9;21,4;24,2;18,9;398;445;495;537;589;493;26;468;;Estimation directe
B5900;2023;L5900;L5900.1.01;;Appartement;;;1. Moins de 1 an;;Appart 2P;;12,4;13,6;15,1;16,8;18,5;14,9;520;593;641;710;785;652;44;506;;Estimation directe
B5900;2023;L5900;L5900.1.01;;Appartement;;;1. Moins de 1 an;;Appart 3P;;11,2;12,5;13,8;15,3;16,2;13,7;676;776;920;1000;1129;916;67;268;;Estimation directe
B5900;2023;L5900;L5900.1.01;;Appartement;;;1. Moins de 1 an;;Appart 4P+;;5,9;10,5;12,3;13,4;14,4;11,8;400;950;1150;1269;1500;1119;95;54;;Estimation directe
B5900;2023;L5900;L5900.1.01;;Appartement;;;2. 1 an et plus;;;;10,9;12,6;14,7;16,7;19,4;14,1;440;540;650;800;1047;711;51;2230;;Estimation directe
B5900;2023;L5900;L5900.1.01;;Appartement;;;2. 1 an et plus;;Appart 1P;;14,6;15,6;18,1;20,0;23,9;17,8;350;430;481;550;620;488;27;607;;Estimation directe
B5900;2023;L5900;L5900.1.01;;Appartement;;;2. 1 an et plus;;Appart 2P;;11,2;13,2;14,6;16,3;17,6;14,3;500;569;630;700;754;633;44;1035;;Estimation directe
B5900;2023;L5900;L5900.1.01;;Appartement;;;2. 1 an et plus;;Appart 3P;;10,4;11,5;12,7;14,4;16,4;13,2;668;750;850;957;1112;887;67;453;;Estimation directe
B5900;2023;L5900;L5900.1.01;;Appartement;;;2. 1 an et plus;;Appart 4P+;;9,1;10,7;12,1;13,8;15,1;12,3;781;843;1200;1480;1651;1222;99;135;;Estimation directe
B5900;2023;L5900;L5900.1.01;;Appartement;;1. Avant 1946;;;;;11,1;12,9;15,3;18,4;21,7;14,5;430;503;630;800;1082;700;48;1278;3024;Estimation directe
B5900;2023;L5900;L5900.1.01;;Appartement;;1. Avant 1946;;1. Moins de 1 an;;;11,9;13,6;16,3;19,5;22,6;15,1;410;490;605;781;1015;675;45;526;;Estimation directe
B5900;2023;L5900;L5900.1.01;;Appartement;;1. Avant 1946;;2. 1 an et plus;;;10,7;12,5;14,7;17,1;21,1;14,1;440;528;646;811;1100;716;51;752;;Estimation directe
B5900;2023;L5900;L5900.1.01;;Appartement;;2. Entre 1946-1970;;;;;10,3;11,6;13,7;16,0;18,5;13,2;460;550;632;811;1140;719;55;265;2166;Estimation directe
B5900;2023;L5900;L5900.1.01;;Appartement;;2. Entre 1946-1970;;1. Moins de 1 an;;;10,5;12,0;14,2;16,0;20,5;13,2;460;560;750;936;1260;784;59;100;;Estimation directe
B5900;2023;L5900;L5900.1.01;;Appartement;;2. Entre 1946-1970;;2. 1 an et plus;;;10,1;11,0;13,3;15,8;18,0;13,1;434;550;630;790;900;664;51;165;;Estimation directe
B5900;2023;L5900;L5900.1.01;;Appartement;;3. Entre 1971-1990;;;;;11,7;13,7;15,3;17,3;19,6;14,7;435;520;628;821;1150;727;49;611;3303;Estimation directe
B5900;2023;L5900;L5900.1.01;;Appartement;;3. Entre 1971-1990;;1. Moins de 1 an;;;11,6;13,6;15,3;17,1;20,0;14,6;460;540;640;883;1045;707;48;230;;Estimation directe
B5900;2023;L5900;L5900.1.01;;Appartement;;3. Entre 1971-1990;;2. 1 an et plus;;;11,7;13,8;15,2;17,6;19,6;14,8;430;492;610;791;1480;745;50;381;;Estimation directe
B5900;2023;L5900;L5900.1.01;;Appartement;;4. Entre 1991-2005;;;;;11,7;13,2;14,9;16,9;18,9;14,2;480;550;653;810;975;713;50;1142;2645;Estimation directe
B5900;2023;L5900;L5900.1.01;;Appartement;;4. Entre 1991-2005;;1. Moins de 1 an;;;12,3;13,5;15,0;17,5;19,5;14,5;475;540;660;850;1023;731;51;368;;Estimation directe
B5900;2023;L5900;L5900.1.01;;Appartement;;4. Entre 1991-2005;;2. 1 an et plus;;;11,4;13,1;14,7;16,7;18,7;14,1;480;559;651;800;942;705;50;774;;Estimation directe
B5900;2023;L5900;L5900.1.01;;Appartement;;5. Apr�s 2005;;;;;10,1;12,7;14,5;15,8;17,7;13,5;413;600;690;794;1107;730;54;230;689;Estimation directe
B5900;2023;L5900;L5900.1.01;;Appartement;;5. Apr�s 2005;;1. Moins de 1 an;;;12,6;13,7;15,1;15,3;17,4;14,4;550;650;690;956;1300;804;56;72;;Estimation directe
B5900;2023;L5900;L5900.1.01;;Appartement;;5. Apr�s 2005;;2. 1 an et plus;;;9,5;12,2;14,3;16,4;17,9;13,1;400;600;681;781;1046;695;53;158;;Estimation directe
B5900;2023;L5900;L5900.1.01;;Appartement;1. Avant 1946;;;;;;11,1;12,9;15,3;18,4;21,7;14,5;430;503;630;800;1082;700;48;1278;3024;Estimation directe
B5900;2023;L5900;L5900.1.01;;Appartement;1. Avant 1946;;1. Moins de 1 an;;;;11,9;13,6;16,3;19,5;22,6;15,1;410;490;605;781;1015;675;45;526;;Estimation directe
B5900;2023;L5900;L5900.1.01;;Appartement;1. Avant 1946;;2. 1 an et plus;;;;10,7;12,5;14,7;17,1;21,1;14,1;440;528;646;811;1100;716;51;752;;Estimation directe
B5900;2023;L5900;L5900.1.01;;Appartement;2. Entre 1946-1970;;;;;;10,3;11,6;13,7;16,0;18,5;13,2;460;550;632;811;1140;719;55;265;2166;Estimation directe
B5900;2023;L5900;L5900.1.01;;Appartement;2. Entre 1946-1970;;1. Moins de 1 an;;;;10,5;12,0;14,2;16,0;20,5;13,2;460;560;750;936;1260;784;59;100;;Estimation directe
B5900;2023;L5900;L5900.1.01;;Appartement;2. Entre 1946-1970;;2. 1 an et plus;;;;10,1;11,0;13,3;15,8;18,0;13,1;434;550;630;790;900;664;51;165;;Estimation directe
B5900;2023;L5900;L5900.1.01;;Appartement;3. Entre 1971-1990;;;;;;11,7;13,7;15,3;17,3;19,6;14,7;435;520;628;821;1150;727;49;611;3303;Estimation directe
B5900;2023;L5900;L5900.1.01;;Appartement;3. Entre 1971-1990;;1. Moins de 1 an;;;;11,6;13,6;15,3;17,1;20,0;14,6;460;540;640;883;1045;707;48;230;;Estimation directe
B5900;2023;L5900;L5900.1.01;;Appartement;3. Entre 1971-1990;;2. 1 an et plus;;;;11,7;13,8;15,2;17,6;19,6;14,8;430;492;610;791;1480;745;50;381;;Estimation directe
B5900;2023;L5900;L5900.1.01;;Appartement;4. Entre 1991-2005;;;;;;11,7;13,2;14,9;16,9;18,9;14,2;480;550;653;810;975;713;50;1142;2645;Estimation directe
B5900;2023;L5900;L5900.1.01;;Appartement;4. Entre 1991-2005;;1. Moins de 1 an;;;;12,3;13,5;15,0;17,5;19,5;14,5;475;540;660;850;1023;731;51;368;;Estimation directe
B5900;2023;L5900;L5900.1.01;;Appartement;4. Entre 1991-2005;;2. 1 an et plus;;;;11,4;13,1;14,7;16,7;18,7;14,1;480;559;651;800;942;705;50;774;;Estimation directe
B5900;2023;L5900;L5900.1.01;;Appartement;5. Apr�s 2005;;;;;;10,1;12,7;14,5;15,8;17,7;13,5;413;600;690;794;1107;730;54;230;689;Estimation directe
B5900;2023;L5900;L5900.1.01;;Appartement;5. Apr�s 2005;;1. Moins de 1 an;;;;12,6;13,7;15,1;15,3;17,4;14,4;550;650;690;956;1300;804;56;72;;Estimation directe
B5900;2023;L5900;L5900.1.01;;Appartement;5. Apr�s 2005;;2. 1 an et plus;;;;9,5;12,2;14,3;16,4;17,9;13,1;400;600;681;781;1046;695;53;158;;Estimation directe
B5900;2023;L5900;L5900.1.02;;;;;;;;;10,1;11,8;13,8;16,3;19,0;13,0;425;500;612;780;960;674;52;4478;17607;Estimation directe
B5900;2023;L5900;L5900.1.02;;;;;;;;Maison 1-3P;8,8;10,3;13,6;16,0;19,2;12,6;345;625;750;830;884;706;56;55;408;Estimation directe
B5900;2023;L5900;L5900.1.02;;;;;;;;Ensemble 4P+;7,4;9,9;11,7;13,2;14,3;11,3;700;850;1000;1340;1505;1075;96;364;2805;Estimation directe
B5900;2023;L5900;L5900.1.02;;;;;;;;Maison 4P+;6,7;9,8;11,4;13,4;13,9;11,1;558;768;1080;1400;1650;1123;101;154;1385;Estimation directe
B5900;2023;L5900;L5900.1.02;;;;;;;;Appart 1P;13,5;15,4;17,1;19,9;22,8;17,1;355;411;455;505;550;458;27;1138;4336;Estimation directe
B5900;2023;L5900;L5900.1.02;;;;;;;;Appart 2P;11,2;12,6;14,1;15,9;17,4;13,9;485;530;600;655;700;596;43;1905;6798;Estimation directe
B5900;2023;L5900;L5900.1.02;;;;;;;;Appart 3P;9,1;10,7;11,9;13,3;14,7;11,7;590;680;780;851;920;772;66;1016;3260;Estimation directe
B5900;2023;L5900;L5900.1.02;;;;;;;;Appart 4P+;8,8;10,1;11,7;13,2;14,5;11,4;780;885;942;1100;1400;1029;90;210;1420;Estimation directe
B5900;2023;L5900;L5900.1.02;;;;;;;;Ensemble 1P;13,5;15,4;17,2;19,9;22,8;17,1;350;410;453;504;550;458;27;1139;4392;Estimation directe
B5900;2023;L5900;L5900.1.02;;;;;;;;Ensemble 2P;11,0;12,6;14,2;16,0;17,6;13,9;480;529;600;656;711;597;43;1921;6913;Estimation directe
B5900;2023;L5900;L5900.1.02;;;;;;;;Ensemble 3P;9,3;10,7;11,9;13,3;14,8;11,7;600;685;780;854;923;776;66;1054;3497;Estimation directe
B5900;2023;L5900;L5900.1.02;;;;;;;Maison;;7,4;9,8;11,7;13,7;16,0;11,3;558;700;962;1350;1570;1028;91;209;1793;Estimation directe
B5900;2023;L5900;L5900.1.02;;;;;;;Appart 1P;;13,5;15,4;17,1;19,9;22,8;17,1;355;411;455;505;550;458;27;1138;4336;Estimation directe
B5900;2023;L5900;L5900.1.02;;;;;;;Appart 2P;;11,2;12,6;14,1;15,9;17,4;13,9;485;530;600;655;700;596;43;1905;6798;Estimation directe
B5900;2023;L5900;L5900.1.02;;;;;;;Appart 3P;;9,1;10,7;11,9;13,3;14,7;11,7;590;680;780;851;920;772;66;1016;3260;Estimation directe
B5900;2023;L5900;L5900.1.02;;;;;;;Appart 4P+;;8,8;10,1;11,7;13,2;14,5;11,4;780;885;942;1100;1400;1029;90;210;1420;Estimation directe
B5900;2023;L5900;L5900.1.02;;;;;;;Ensemble 1P;;13,5;15,4;17,2;19,9;22,8;17,1;350;410;453;504;550;458;27;1139;4392;Estimation directe
B5900;2023;L5900;L5900.1.02;;;;;;;Ensemble 3P;;11,0;12,6;14,2;16,0;17,6;13,9;480;529;600;656;711;597;43;1921;6913;Estimation directe
B5900;2023;L5900;L5900.1.02;;;;;;;Ensemble 3P;;9,3;10,7;11,9;13,3;14,8;11,7;600;685;780;854;923;776;66;1054;3497;Estimation directe
B5900;2023;L5900;L5900.1.02;;;;;;;Ensemble 4P+;;7,4;9,9;11,7;13,2;14,3;11,3;700;850;1000;1340;1505;1075;96;364;2805;Estimation directe
B5900;2023;L5900;L5900.1.02;;;;;;1. Moins de 1 an;;;10,6;12,1;14,4;16,7;19,3;13,4;425;507;620;780;900;658;49;1470;;Estimation directe
B5900;2023;L5900;L5900.1.02;;;;;;1. Moins de 1 an;;Maison 1-3P;;;;;;;;;;;;;;12;;Estimation directe
B5900;2023;L5900;L5900.1.02;;;;;;1. Moins de 1 an;;Ensemble 4P+;7,4;9,9;11,5;13,0;14,5;10,9;760;800;904;1035;1305;957;88;99;;Estimation directe
B5900;2023;L5900;L5900.1.02;;;;;;1. Moins de 1 an;;Maison 4P+;;;;;;;;;;;;;;35;;Estimation directe
B5900;2023;L5900;L5900.1.02;;;;;;1. Moins de 1 an;;Appart 1P;14,0;15,7;17,5;20,3;22,0;17,3;360;410;453;515;550;462;27;437;;Estimation directe
B5900;2023;L5900;L5900.1.02;;;;;;1. Moins de 1 an;;Appart 2P;11,6;13,0;14,4;16,3;17,5;14,3;490;535;604;665;714;603;42;607;;Estimation directe
B5900;2023;L5900;L5900.1.02;;;;;;1. Moins de 1 an;;Appart 3P;10,1;11,4;12,2;13,7;15,4;12,4;650;725;800;856;920;806;65;315;;Estimation directe
B5900;2023;L5900;L5900.1.02;;;;;;1. Moins de 1 an;;Appart 4P+;5,9;9,9;11,6;13,8;14,5;11,0;780;800;911;953;1216;958;87;64;;Estimation directe
B5900;2023;L5900;L5900.1.02;;;;;;1. Moins de 1 an;;Ensemble 1P;14,0;15,7;17,5;20,3;22,0;17,3;360;410;453;515;550;462;27;437;;Estimation directe
B5900;2023;L5900;L5900.1.02;;;;;;1. Moins de 1 an;;Ensemble 2P;11,6;13,1;14,6;16,3;18,0;14,4;480;532;605;669;715;603;42;611;;Estimation directe
B5900;2023;L5900;L5900.1.02;;;;;;1. Moins de 1 an;;Ensemble 3P;10,1;11,4;12,2;13,7;15,4;12,5;650;720;800;860;920;806;65;323;;Estimation directe
B5900;2023;L5900;L5900.1.02;;;;;;2. 1 an et plus;;;9,8;11,6;13,6;16,0;18,8;12,8;420;500;605;770;1050;682;53;3008;;Estimation directe
B5900;2023;L5900;L5900.1.02;;;;;;2. 1 an et plus;;Maison 1-3P;;;;;;;;;;;;;;43;;Estimation directe
B5900;2023;L5900;L5900.1.02;;;;;;2. 1 an et plus;;Ensemble 4P+;8,0;10,0;11,7;13,2;13,9;11,4;700;889;1080;1385;1650;1138;100;265;;Estimation directe
B5900;2023;L5900;L5900.1.02;;;;;;2. 1 an et plus;;Maison 4P+;6,7;9,8;11,7;13,4;13,9;11,2;681;843;1217;1400;1650;1174;105;119;;Estimation directe
B5900;2023;L5900;L5900.1.02;;;;;;2. 1 an et plus;;Appart 1P;13,1;15,2;17,0;19,8;23,3;16,9;351;412;455;500;547;456;27;701;;Estimation directe
B5900;2023;L5900;L5900.1.02;;;;;;2. 1 an et plus;;Appart 2P;10,9;12,5;14,0;15,5;17,4;13,7;480;529;598;650;695;592;43;1298;;Estimation directe
B5900;2023;L5900;L5900.1.02;;;;;;2. 1 an et plus;;Appart 3P;8,5;10,3;11,6;13,0;14,2;11,4;546;667;763;850;919;755;66;701;;Estimation directe
B5900;2023;L5900;L5900.1.02;;;;;;2. 1 an et plus;;Appart 4P+;8,8;10,1;11,7;13,2;14,1;11,7;798;900;1030;1260;1416;1089;93;146;;Estimation directe
B5900;2023;L5900;L5900.1.02;;;;;;2. 1 an et plus;;Ensemble 1P;13,1;15,2;17,0;19,8;23,3;16,9;350;410;453;500;544;455;27;702;;Estimation directe
B5900;2023;L5900;L5900.1.02;;;;;;2. 1 an et plus;;Ensemble 2P;10,8;12,4;14,0;15,5;17,3;13,6;480;526;599;650;700;593;44;1310;;Estimation directe
B5900;2023;L5900;L5900.1.02;;;;;;2. 1 an et plus;;Ensemble 3P;8,8;10,3;11,6;13,0;14,3;11,4;572;680;764;850;924;761;67;731;;Estimation directe
B5900;2023;L5900;L5900.1.02;;;;;1. Moins de 1 an;;;;10,6;12,1;14,4;16,7;19,3;13,4;425;507;620;780;900;658;49;1470;;Estimation directe
B5900;2023;L5900;L5900.1.02;;;;;1. Moins de 1 an;;Maison;;;;;;;;;;;;;;;47;;Estimation directe
B5900;2023;L5900;L5900.1.02;;;;;1. Moins de 1 an;;Appart 1P;;14,0;15,7;17,5;20,3;22,0;17,3;360;410;453;515;550;462;27;437;;Estimation directe
B5900;2023;L5900;L5900.1.02;;;;;1. Moins de 1 an;;Appart 2P;;11,6;13,0;14,4;16,3;17,5;14,3;490;535;604;665;714;603;42;607;;Estimation directe
B5900;2023;L5900;L5900.1.02;;;;;1. Moins de 1 an;;Appart 3P;;10,1;11,4;12,2;13,7;15,4;12,4;650;725;800;856;920;806;65;315;;Estimation directe
B5900;2023;L5900;L5900.1.02;;;;;1. Moins de 1 an;;Appart 4P+;;5,9;9,9;11,6;13,8;14,5;11,0;780;800;911;953;1216;958;87;64;;Estimation directe
B5900;2023;L5900;L5900.1.02;;;;;1. Moins de 1 an;;Ensemble 1P;;14,0;15,7;17,5;20,3;22,0;17,3;360;410;453;515;550;462;27;437;;Estimation directe
B5900;2023;L5900;L5900.1.02;;;;;1. Moins de 1 an;;Ensemble 3P;;11,6;13,1;14,6;16,3;18,0;14,4;480;532;605;669;715;603;42;611;;Estimation directe
B5900;2023;L5900;L5900.1.02;;;;;1. Moins de 1 an;;Ensemble 3P;;10,1;11,4;12,2;13,7;15,4;12,5;650;720;800;860;920;806;65;323;;Estimation directe
B5900;2023;L5900;L5900.1.02;;;;;1. Moins de 1 an;;Ensemble 4P+;;7,4;9,9;11,5;13,0;14,5;10,9;760;800;904;1035;1305;957;88;99;;Estimation directe
B5900;2023;L5900;L5900.1.02;;;;;2. 1 an et plus;;;;9,8;11,6;13,6;16,0;18,8;12,8;420;500;605;770;1050;682;53;3008;;Estimation directe
B5900;2023;L5900;L5900.1.02;;;;;2. 1 an et plus;;Maison;;6,7;9,8;11,8;13,7;15,2;11,3;600;700;1080;1385;1650;1068;94;162;;Estimation directe
B5900;2023;L5900;L5900.1.02;;;;;2. 1 an et plus;;Appart 1P;;13,1;15,2;17,0;19,8;23,3;16,9;351;412;455;500;547;456;27;701;;Estimation directe
B5900;2023;L5900;L5900.1.02;;;;;2. 1 an et plus;;Appart 2P;;10,9;12,5;14,0;15,5;17,4;13,7;480;529;598;650;695;592;43;1298;;Estimation directe
B5900;2023;L5900;L5900.1.02;;;;;2. 1 an et plus;;Appart 3P;;8,5;10,3;11,6;13,0;14,2;11,4;546;667;763;850;919;755;66;701;;Estimation directe
B5900;2023;L5900;L5900.1.02;;;;;2. 1 an et plus;;Appart 4P+;;8,8;10,1;11,7;13,2;14,1;11,7;798;900;1030;1260;1416;1089;93;146;;Estimation directe
B5900;2023;L5900;L5900.1.02;;;;;2. 1 an et plus;;Ensemble 1P;;13,1;15,2;17,0;19,8;23,3;16,9;350;410;453;500;544;455;27;702;;Estimation directe
B5900;2023;L5900;L5900.1.02;;;;;2. 1 an et plus;;Ensemble 3P;;10,8;12,4;14,0;15,5;17,3;13,6;480;526;599;650;700;593;44;1310;;Estimation directe
B5900;2023;L5900;L5900.1.02;;;;;2. 1 an et plus;;Ensemble 3P;;8,8;10,3;11,6;13,0;14,3;11,4;572;680;764;850;924;761;67;731;;Estimation directe
B5900;2023;L5900;L5900.1.02;;;;;2. 1 an et plus;;Ensemble 4P+;;8,0;10,0;11,7;13,2;13,9;11,4;700;889;1080;1385;1650;1138;100;265;;Estimation directe
B5900;2023;L5900;L5900.1.02;;;;1. Avant 1946;;;;;9,7;11,7;14,3;17,1;20,0;13,0;408;475;558;690;850;615;47;1104;3465;Estimation directe
B5900;2023;L5900;L5900.1.02;;;;1. Avant 1946;;1. Moins de 1 an;;;10,0;12,7;15,0;17,5;20,7;13,7;420;495;590;715;850;624;46;450;;Estimation directe
B5900;2023;L5900;L5900.1.02;;;;1. Avant 1946;;2. 1 an et plus;;;9,3;11,5;14,0;17,0;19,7;12,6;400;467;550;660;835;609;48;654;;Estimation directe
B5900;2023;L5900;L5900.1.02;;;;2. Entre 1946-1970;;;;;8,7;9,8;11,9;14,5;17,6;11,5;414;560;700;900;1080;740;64;325;3024;Estimation directe
B5900;2023;L5900;L5900.1.02;;;;2. Entre 1946-1970;;1. Moins de 1 an;;;9,5;11,1;13,5;14,5;21,4;12,9;506;620;725;900;1070;773;60;93;;Estimation directe
B5900;2023;L5900;L5900.1.02;;;;2. Entre 1946-1970;;2. 1 an et plus;;;8,2;9,6;11,4;14,6;17,1;11,1;400;535;690;900;1080;728;65;232;;Estimation directe
B5900;2023;L5900;L5900.1.02;;;;3. Entre 1971-1990;;;;;10,7;11,9;13,9;16,3;19,2;13,5;415;485;574;752;910;652;48;927;4612;Estimation directe
B5900;2023;L5900;L5900.1.02;;;;3. Entre 1971-1990;;1. Moins de 1 an;;;10,6;12,0;14,4;16,7;19,6;13,5;409;500;573;730;911;627;46;294;;Estimation directe
B5900;2023;L5900;L5900.1.02;;;;3. Entre 1971-1990;;2. 1 an et plus;;;10,7;11,7;13,6;16,1;19,2;13,4;420;480;574;760;909;665;49;633;;Estimation directe
B5900;2023;L5900;L5900.1.02;;;;4. Entre 1991-2005;;;;;11,2;12,2;13,9;16,1;18,0;13,2;460;533;650;814;1221;730;55;1220;4411;Estimation directe
B5900;2023;L5900;L5900.1.02;;;;4. Entre 1991-2005;;1. Moins de 1 an;;;11,2;12,1;14,5;16,6;18,0;13,0;450;517;630;800;890;660;51;361;;Estimation directe
B5900;2023;L5900;L5900.1.02;;;;4. Entre 1991-2005;;2. 1 an et plus;;;11,1;12,5;13,7;15,4;17,5;13,4;465;553;667;876;1350;771;58;859;;Estimation directe
B5900;2023;L5900;L5900.1.02;;;;5. Apr�s 2005;;;;;11,3;12,0;13,4;14,6;15,9;13,1;477;610;714;900;1080;768;59;902;2096;Estimation directe
B5900;2023;L5900;L5900.1.02;;;;5. Apr�s 2005;;1. Moins de 1 an;;;11,5;12,4;13,4;14,9;16,5;13,5;470;605;717;900;1086;770;57;272;;Estimation directe
B5900;2023;L5900;L5900.1.02;;;;5. Apr�s 2005;;2. 1 an et plus;;;11,3;11,9;13,3;14,5;15,7;12,9;500;615;708;900;1080;768;60;630;;Estimation directe
B5900;2023;L5900;L5900.1.02;;;1. Avant 1946;;;;;;9,7;11,7;14,3;17,1;20,0;13,0;408;475;558;690;850;615;47;1104;3465;Estimation directe
B5900;2023;L5900;L5900.1.02;;;1. Avant 1946;;1. Moins de 1 an;;;;10,0;12,7;15,0;17,5;20,7;13,7;420;495;590;715;850;624;46;450;;Estimation directe
B5900;2023;L5900;L5900.1.02;;;1. Avant 1946;;2. 1 an et plus;;;;9,3;11,5;14,0;17,0;19,7;12,6;400;467;550;660;835;609;48;654;;Estimation directe
B5900;2023;L5900;L5900.1.02;;;2. Entre 1946-1970;;;;;;8,7;9,8;11,9;14,5;17,6;11,5;414;560;700;900;1080;740;64;325;3024;Estimation directe
B5900;2023;L5900;L5900.1.02;;;2. Entre 1946-1970;;1. Moins de 1 an;;;;9,5;11,1;13,5;14,5;21,4;12,9;506;620;725;900;1070;773;60;93;;Estimation directe
B5900;2023;L5900;L5900.1.02;;;2. Entre 1946-1970;;2. 1 an et plus;;;;8,2;9,6;11,4;14,6;17,1;11,1;400;535;690;900;1080;728;65;232;;Estimation directe
B5900;2023;L5900;L5900.1.02;;;3. Entre 1971-1990;;;;;;10,7;11,9;13,9;16,3;19,2;13,5;415;485;574;752;910;652;48;927;4612;Estimation directe
B5900;2023;L5900;L5900.1.02;;;3. Entre 1971-1990;;1. Moins de 1 an;;;;10,6;12,0;14,4;16,7;19,6;13,5;409;500;573;730;911;627;46;294;;Estimation directe
B5900;2023;L5900;L5900.1.02;;;3. Entre 1971-1990;;2. 1 an et plus;;;;10,7;11,7;13,6;16,1;19,2;13,4;420;480;574;760;909;665;49;633;;Estimation directe
B5900;2023;L5900;L5900.1.02;;;4. Entre 1991-2005;;;;;;11,2;12,2;13,9;16,1;18,0;13,2;460;533;650;814;1221;730;55;1220;4411;Estimation directe
B5900;2023;L5900;L5900.1.02;;;4. Entre 1991-2005;;1. Moins de 1 an;;;;11,2;12,1;14,5;16,6;18,0;13,0;450;517;630;800;890;660;51;361;;Estimation directe
B5900;2023;L5900;L5900.1.02;;;4. Entre 1991-2005;;2. 1 an et plus;;;;11,1;12,5;13,7;15,4;17,5;13,4;465;553;667;876;1350;771;58;859;;Estimation directe
B5900;2023;L5900;L5900.1.02;;;5. Apr�s 2005;;;;;;11,3;12,0;13,4;14,6;15,9;13,1;477;610;714;900;1080;768;59;902;2096;Estimation directe
B5900;2023;L5900;L5900.1.02;;;5. Apr�s 2005;;1. Moins de 1 an;;;;11,5;12,4;13,4;14,9;16,5;13,5;470;605;717;900;1086;770;57;272;;Estimation directe
B5900;2023;L5900;L5900.1.02;;;5. Apr�s 2005;;2. 1 an et plus;;;;11,3;11,9;13,3;14,5;15,7;12,9;500;615;708;900;1080;768;60;630;;Estimation directe
B5900;2023;L5900;L5900.1.02;;Maison;;;;;;;7,4;9,8;11,7;13,7;16,0;11,3;558;700;962;1350;1570;1028;91;209;1793;Estimation directe
B5900;2023;L5900;L5900.1.02;;Maison;;;;;;Maison 1-3P;8,8;10,3;13,6;16,0;19,2;12,6;345;625;750;830;884;706;56;55;408;Estimation directe
B5900;2023;L5900;L5900.1.02;;Maison;;;;;;Maison 4P+;6,7;9,8;11,4;13,4;13,9;11,1;558;768;1080;1400;1650;1123;101;154;1385;Estimation directe
B5900;2023;L5900;L5900.1.02;;Maison;;;;;Maison;;7,4;9,8;11,7;13,7;16,0;11,3;558;700;962;1350;1570;1028;91;209;1793;Estimation directe
B5900;2023;L5900;L5900.1.02;;Maison;;;;1. Moins de 1 an;;;;;;;;;;;;;;;;47;;Estimation directe
B5900;2023;L5900;L5900.1.02;;Maison;;;;1. Moins de 1 an;;Maison 1-3P;;;;;;;;;;;;;;12;;Estimation directe
B5900;2023;L5900;L5900.1.02;;Maison;;;;1. Moins de 1 an;;Maison 4P+;;;;;;;;;;;;;;35;;Estimation directe
B5900;2023;L5900;L5900.1.02;;Maison;;;;2. 1 an et plus;;;6,7;9,8;11,8;13,7;15,2;11,3;600;700;1080;1385;1650;1068;94;162;;Estimation directe
B5900;2023;L5900;L5900.1.02;;Maison;;;;2. 1 an et plus;;Maison 1-3P;;;;;;;;;;;;;;43;;Estimation directe
B5900;2023;L5900;L5900.1.02;;Maison;;;;2. 1 an et plus;;Maison 4P+;6,7;9,8;11,7;13,4;13,9;11,2;681;843;1217;1400;1650;1174;105;119;;Estimation directe
B5900;2023;L5900;L5900.1.02;;Maison;;;1. Moins de 1 an;;;;;;;;;;;;;;;;;47;;Estimation directe
B5900;2023;L5900;L5900.1.02;;Maison;;;1. Moins de 1 an;;Maison;;;;;;;;;;;;;;;47;;Estimation directe
B5900;2023;L5900;L5900.1.02;;Maison;;;2. 1 an et plus;;;;6,7;9,8;11,8;13,7;15,2;11,3;600;700;1080;1385;1650;1068;94;162;;Estimation directe
B5900;2023;L5900;L5900.1.02;;Maison;;;2. 1 an et plus;;Maison;;6,7;9,8;11,8;13,7;15,2;11,3;600;700;1080;1385;1650;1068;94;162;;Estimation directe
B5900;2023;L5900;L5900.1.02;;Maison;;1. Avant 1946;;;;;5,0;7,4;10,5;13,8;18,0;10,2;363;558;720;850;1383;812;79;65;519;Estimation directe
B5900;2023;L5900;L5900.1.02;;Maison;;1. Avant 1946;;1. Moins de 1 an;;;;;;;;;;;;;;;;17;;Estimation directe
B5900;2023;L5900;L5900.1.02;;Maison;;1. Avant 1946;;2. 1 an et plus;;;;;;;;;;;;;;;;48;;Estimation directe
B5900;2023;L5900;L5900.1.02;;Maison;;2. Entre 1946-1970;;;;;;;;;;;;;;;;;;35;;Estimation directe
B5900;2023;L5900;L5900.1.02;;Maison;;2. Entre 1946-1970;;1. Moins de 1 an;;;;;;;;;;;;;;;;8;;Estimation directe
B5900;2023;L5900;L5900.1.02;;Maison;;2. Entre 1946-1970;;2. 1 an et plus;;;;;;;;;;;;;;;;27;;Estimation directe
B5900;2023;L5900;L5900.1.02;;Maison;;3. Entre 1971-1990;;;;;;;;;;;;;;;;;;30;;Estimation directe
B5900;2023;L5900;L5900.1.02;;Maison;;3. Entre 1971-1990;;1. Moins de 1 an;;;;;;;;;;;;;;;;6;;Estimation directe
B5900;2023;L5900;L5900.1.02;;Maison;;3. Entre 1971-1990;;2. 1 an et plus;;;;;;;;;;;;;;;;24;;Estimation directe
B5900;2023;L5900;L5900.1.02;;Maison;;4. Entre 1991-2005;;;;;;;;;;;;;;;;;;49;;Estimation directe
B5900;2023;L5900;L5900.1.02;;Maison;;4. Entre 1991-2005;;1. Moins de 1 an;;;;;;;;;;;;;;;;7;;Estimation directe
B5900;2023;L5900;L5900.1.02;;Maison;;4. Entre 1991-2005;;2. 1 an et plus;;;;;;;;;;;;;;;;42;;Estimation directe
B5900;2023;L5900;L5900.1.02;;Maison;;5. Apr�s 2005;;;;;;;;;;;;;;;;;;30;;Estimation directe
B5900;2023;L5900;L5900.1.02;;Maison;;5. Apr�s 2005;;1. Moins de 1 an;;;;;;;;;;;;;;;;9;;Estimation directe
B5900;2023;L5900;L5900.1.02;;Maison;;5. Apr�s 2005;;2. 1 an et plus;;;;;;;;;;;;;;;;21;;Estimation directe
B5900;2023;L5900;L5900.1.02;;Maison;1. Avant 1946;;;;;;5,0;7,4;10,5;13,8;18,0;10,2;363;558;720;850;1383;812;79;65;519;Estimation directe
B5900;2023;L5900;L5900.1.02;;Maison;1. Avant 1946;;1. Moins de 1 an;;;;;;;;;;;;;;;;;17;;Estimation directe
B5900;2023;L5900;L5900.1.02;;Maison;1. Avant 1946;;2. 1 an et plus;;;;;;;;;;;;;;;;;48;;Estimation directe
B5900;2023;L5900;L5900.1.02;;Maison;2. Entre 1946-1970;;;;;;;;;;;;;;;;;;;35;;Estimation directe
B5900;2023;L5900;L5900.1.02;;Maison;2. Entre 1946-1970;;1. Moins de 1 an;;;;;;;;;;;;;;;;;8;;Estimation directe
B5900;2023;L5900;L5900.1.02;;Maison;2. Entre 1946-1970;;2. 1 an et plus;;;;;;;;;;;;;;;;;27;;Estimation directe
B5900;2023;L5900;L5900.1.02;;Maison;3. Entre 1971-1990;;;;;;;;;;;;;;;;;;;30;;Estimation directe
B5900;2023;L5900;L5900.1.02;;Maison;3. Entre 1971-1990;;1. Moins de 1 an;;;;;;;;;;;;;;;;;6;;Estimation directe
B5900;2023;L5900;L5900.1.02;;Maison;3. Entre 1971-1990;;2. 1 an et plus;;;;;;;;;;;;;;;;;24;;Estimation directe
B5900;2023;L5900;L5900.1.02;;Maison;4. Entre 1991-2005;;;;;;;;;;;;;;;;;;;49;;Estimation directe
B5900;2023;L5900;L5900.1.02;;Maison;4. Entre 1991-2005;;1. Moins de 1 an;;;;;;;;;;;;;;;;;7;;Estimation directe
B5900;2023;L5900;L5900.1.02;;Maison;4. Entre 1991-2005;;2. 1 an et plus;;;;;;;;;;;;;;;;;42;;Estimation directe
B5900;2023;L5900;L5900.1.02;;Maison;5. Apr�s 2005;;;;;;;;;;;;;;;;;;;30;;Estimation directe
B5900;2023;L5900;L5900.1.02;;Maison;5. Apr�s 2005;;1. Moins de 1 an;;;;;;;;;;;;;;;;;9;;Estimation directe
B5900;2023;L5900;L5900.1.02;;Maison;5. Apr�s 2005;;2. 1 an et plus;;;;;;;;;;;;;;;;;21;;Estimation directe
B5900;2023;L5900;L5900.1.02;;Appartement;;;;;;;10,6;12,1;14,1;16,4;19,2;13,3;420;495;600;730;890;633;47;4269;15814;Estimation directe
B5900;2023;L5900;L5900.1.02;;Appartement;;;;;;Appart 1P;13,5;15,4;17,1;19,9;22,8;17,1;355;411;455;505;550;458;27;1138;4336;Estimation directe
B5900;2023;L5900;L5900.1.02;;Appartement;;;;;;Appart 2P;11,2;12,6;14,1;15,9;17,4;13,9;485;530;600;655;700;596;43;1905;6798;Estimation directe
B5900;2023;L5900;L5900.1.02;;Appartement;;;;;;Appart 3P;9,1;10,7;11,9;13,3;14,7;11,7;590;680;780;851;920;772;66;1016;3260;Estimation directe
B5900;2023;L5900;L5900.1.02;;Appartement;;;;;;Appart 4P+;8,8;10,1;11,7;13,2;14,5;11,4;780;885;942;1100;1400;1029;90;210;1420;Estimation directe
B5900;2023;L5900;L5900.1.02;;Appartement;;;;;Appart 1P;;13,5;15,4;17,1;19,9;22,8;17,1;355;411;455;505;550;458;27;1138;4336;Estimation directe
B5900;2023;L5900;L5900.1.02;;Appartement;;;;;Appart 2P;;11,2;12,6;14,1;15,9;17,4;13,9;485;530;600;655;700;596;43;1905;6798;Estimation directe
B5900;2023;L5900;L5900.1.02;;Appartement;;;;;Appart 3P;;9,1;10,7;11,9;13,3;14,7;11,7;590;680;780;851;920;772;66;1016;3260;Estimation directe
B5900;2023;L5900;L5900.1.02;;Appartement;;;;;Appart 4P+;;8,8;10,1;11,7;13,2;14,5;11,4;780;885;942;1100;1400;1029;90;210;1420;Estimation directe
B5900;2023;L5900;L5900.1.02;;Appartement;;;;1. Moins de 1 an;;;11,1;12,4;14,4;16,7;19,4;13,6;425;500;615;742;900;641;47;1423;;Estimation directe
B5900;2023;L5900;L5900.1.02;;Appartement;;;;1. Moins de 1 an;;Appart 1P;14,0;15,7;17,5;20,3;22,0;17,3;360;410;453;515;550;462;27;437;;Estimation directe
B5900;2023;L5900;L5900.1.02;;Appartement;;;;1. Moins de 1 an;;Appart 2P;11,6;13,0;14,4;16,3;17,5;14,3;490;535;604;665;714;603;42;607;;Estimation directe
B5900;2023;L5900;L5900.1.02;;Appartement;;;;1. Moins de 1 an;;Appart 3P;10,1;11,4;12,2;13,7;15,4;12,4;650;725;800;856;920;806;65;315;;Estimation directe
B5900;2023;L5900;L5900.1.02;;Appartement;;;;1. Moins de 1 an;;Appart 4P+;5,9;9,9;11,6;13,8;14,5;11,0;780;800;911;953;1216;958;87;64;;Estimation directe
B5900;2023;L5900;L5900.1.02;;Appartement;;;;2. 1 an et plus;;;10,4;11,8;13,8;16,3;19,2;13,2;420;490;590;710;890;629;48;2846;;Estimation directe
B5900;2023;L5900;L5900.1.02;;Appartement;;;;2. 1 an et plus;;Appart 1P;13,1;15,2;17,0;19,8;23,3;16,9;351;412;455;500;547;456;27;701;;Estimation directe
B5900;2023;L5900;L5900.1.02;;Appartement;;;;2. 1 an et plus;;Appart 2P;10,9;12,5;14,0;15,5;17,4;13,7;480;529;598;650;695;592;43;1298;;Estimation directe
B5900;2023;L5900;L5900.1.02;;Appartement;;;;2. 1 an et plus;;Appart 3P;8,5;10,3;11,6;13,0;14,2;11,4;546;667;763;850;919;755;66;701;;Estimation directe
B5900;2023;L5900;L5900.1.02;;Appartement;;;;2. 1 an et plus;;Appart 4P+;8,8;10,1;11,7;13,2;14,1;11,7;798;900;1030;1260;1416;1089;93;146;;Estimation directe
B5900;2023;L5900;L5900.1.02;;Appartement;;;1. Moins de 1 an;;;;11,1;12,4;14,4;16,7;19,4;13,6;425;500;615;742;900;641;47;1423;;Estimation directe
B5900;2023;L5900;L5900.1.02;;Appartement;;;1. Moins de 1 an;;Appart 1P;;14,0;15,7;17,5;20,3;22,0;17,3;360;410;453;515;550;462;27;437;;Estimation directe
B5900;2023;L5900;L5900.1.02;;Appartement;;;1. Moins de 1 an;;Appart 2P;;11,6;13,0;14,4;16,3;17,5;14,3;490;535;604;665;714;603;42;607;;Estimation directe
B5900;2023;L5900;L5900.1.02;;Appartement;;;1. Moins de 1 an;;Appart 3P;;10,1;11,4;12,2;13,7;15,4;12,4;650;725;800;856;920;806;65;315;;Estimation directe
B5900;2023;L5900;L5900.1.02;;Appartement;;;1. Moins de 1 an;;Appart 4P+;;5,9;9,9;11,6;13,8;14,5;11,0;780;800;911;953;1216;958;87;64;;Estimation directe
B5900;2023;L5900;L5900.1.02;;Appartement;;;2. 1 an et plus;;;;10,4;11,8;13,8;16,3;19,2;13,2;420;490;590;710;890;629;48;2846;;Estimation directe
B5900;2023;L5900;L5900.1.02;;Appartement;;;2. 1 an et plus;;Appart 1P;;13,1;15,2;17,0;19,8;23,3;16,9;351;412;455;500;547;456;27;701;;Estimation directe
B5900;2023;L5900;L5900.1.02;;Appartement;;;2. 1 an et plus;;Appart 2P;;10,9;12,5;14,0;15,5;17,4;13,7;480;529;598;650;695;592;43;1298;;Estimation directe
B5900;2023;L5900;L5900.1.02;;Appartement;;;2. 1 an et plus;;Appart 3P;;8,5;10,3;11,6;13,0;14,2;11,4;546;667;763;850;919;755;66;701;;Estimation directe
B5900;2023;L5900;L5900.1.02;;Appartement;;;2. 1 an et plus;;Appart 4P+;;8,8;10,1;11,7;13,2;14,1;11,7;798;900;1030;1260;1416;1089;93;146;;Estimation directe
B5900;2023;L5900;L5900.1.02;;Appartement;;1. Avant 1946;;;;;10,4;12,5;14,8;17,4;20,1;13,7;408;470;550;650;800;589;43;1039;2946;Estimation directe
B5900;2023;L5900;L5900.1.02;;Appartement;;1. Avant 1946;;1. Moins de 1 an;;;11,2;13,2;15,2;17,5;20,7;14,3;411;488;581;695;850;608;43;433;;Estimation directe
B5900;2023;L5900;L5900.1.02;;Appartement;;1. Avant 1946;;2. 1 an et plus;;;9,8;11,7;14,5;17,4;19,8;13,3;400;460;540;630;766;578;43;606;;Estimation directe
B5900;2023;L5900;L5900.1.02;;Appartement;;2. Entre 1946-1970;;;;;8,8;10,2;12,6;15,2;18,0;12,0;405;523;680;864;964;699;58;290;2670;Estimation directe
B5900;2023;L5900;L5900.1.02;;Appartement;;2. Entre 1946-1970;;1. Moins de 1 an;;;9,4;11,7;13,9;14,9;21,4;13,1;500;620;710;900;930;747;57;85;;Estimation directe
B5900;2023;L5900;L5900.1.02;;Appartement;;2. Entre 1946-1970;;2. 1 an et plus;;;8,5;10,1;11,9;15,5;17,6;11,5;400;485;670;851;975;680;59;205;;Estimation directe
B5900;2023;L5900;L5900.1.02;;Appartement;;3. Entre 1971-1990;;;;;10,7;12,0;13,9;16,2;19,4;13,4;415;480;560;720;873;621;46;897;4253;Estimation directe
B5900;2023;L5900;L5900.1.02;;Appartement;;3. Entre 1971-1990;;1. Moins de 1 an;;;10,7;12,0;14,6;16,7;20,0;13,5;408;500;560;730;902;613;45;288;;Estimation directe
B5900;2023;L5900;L5900.1.02;;Appartement;;3. Entre 1971-1990;;2. 1 an et plus;;;10,7;11,7;13,5;16,1;19,2;13,4;415;479;560;710;873;626;47;609;;Estimation directe
B5900;2023;L5900;L5900.1.02;;Appartement;;4. Entre 1991-2005;;;;;11,2;12,5;14,3;16,3;18,2;13,4;457;520;636;770;881;657;49;1171;4100;Estimation directe
B5900;2023;L5900;L5900.1.02;;Appartement;;4. Entre 1991-2005;;1. Moins de 1 an;;;11,2;12,1;14,5;16,6;18,0;13,0;450;515;630;765;854;644;50;354;;Estimation directe
B5900;2023;L5900;L5900.1.02;;Appartement;;4. Entre 1991-2005;;2. 1 an et plus;;;11,3;12,6;14,0;15,8;18,5;13,7;463;530;640;770;890;666;49;817;;Estimation directe
B5900;2023;L5900;L5900.1.02;;Appartement;;5. Apr�s 2005;;;;;11,5;12,2;13,5;14,7;16,0;13,3;465;596;695;850;942;724;55;872;1845;Estimation directe
B5900;2023;L5900;L5900.1.02;;Appartement;;5. Apr�s 2005;;1. Moins de 1 an;;;11,5;12,3;13,4;14,9;16,3;13,5;460;597;714;890;1005;750;56;263;;Estimation directe
B5900;2023;L5900;L5900.1.02;;Appartement;;5. Apr�s 2005;;2. 1 an et plus;;;11,5;12,2;13,5;14,7;16,0;13,1;465;595;669;810;938;709;54;609;;Estimation directe
B5900;2023;L5900;L5900.1.02;;Appartement;1. Avant 1946;;;;;;10,4;12,5;14,8;17,4;20,1;13,7;408;470;550;650;800;589;43;1039;2946;Estimation directe
B5900;2023;L5900;L5900.1.02;;Appartement;1. Avant 1946;;1. Moins de 1 an;;;;11,2;13,2;15,2;17,5;20,7;14,3;411;488;581;695;850;608;43;433;;Estimation directe
B5900;2023;L5900;L5900.1.02;;Appartement;1. Avant 1946;;2. 1 an et plus;;;;9,8;11,7;14,5;17,4;19,8;13,3;400;460;540;630;766;578;43;606;;Estimation directe
B5900;2023;L5900;L5900.1.02;;Appartement;2. Entre 1946-1970;;;;;;8,8;10,2;12,6;15,2;18,0;12,0;405;523;680;864;964;699;58;290;2670;Estimation directe
B5900;2023;L5900;L5900.1.02;;Appartement;2. Entre 1946-1970;;1. Moins de 1 an;;;;9,4;11,7;13,9;14,9;21,4;13,1;500;620;710;900;930;747;57;85;;Estimation directe
B5900;2023;L5900;L5900.1.02;;Appartement;2. Entre 1946-1970;;2. 1 an et plus;;;;8,5;10,1;11,9;15,5;17,6;11,5;400;485;670;851;975;680;59;205;;Estimation directe
B5900;2023;L5900;L5900.1.02;;Appartement;3. Entre 1971-1990;;;;;;10,7;12,0;13,9;16,2;19,4;13,4;415;480;560;720;873;621;46;897;4253;Estimation directe
B5900;2023;L5900;L5900.1.02;;Appartement;3. Entre 1971-1990;;1. Moins de 1 an;;;;10,7;12,0;14,6;16,7;20,0;13,5;408;500;560;730;902;613;45;288;;Estimation directe
B5900;2023;L5900;L5900.1.02;;Appartement;3. Entre 1971-1990;;2. 1 an et plus;;;;10,7;11,7;13,5;16,1;19,2;13,4;415;479;560;710;873;626;47;609;;Estimation directe
B5900;2023;L5900;L5900.1.02;;Appartement;4. Entre 1991-2005;;;;;;11,2;12,5;14,3;16,3;18,2;13,4;457;520;636;770;881;657;49;1171;4100;Estimation directe
B5900;2023;L5900;L5900.1.02;;Appartement;4. Entre 1991-2005;;1. Moins de 1 an;;;;11,2;12,1;14,5;16,6;18,0;13,0;450;515;630;765;854;644;50;354;;Estimation directe
B5900;2023;L5900;L5900.1.02;;Appartement;4. Entre 1991-2005;;2. 1 an et plus;;;;11,3;12,6;14,0;15,8;18,5;13,7;463;530;640;770;890;666;49;817;;Estimation directe
B5900;2023;L5900;L5900.1.02;;Appartement;5. Apr�s 2005;;;;;;11,5;12,2;13,5;14,7;16,0;13,3;465;596;695;850;942;724;55;872;1845;Estimation directe
B5900;2023;L5900;L5900.1.02;;Appartement;5. Apr�s 2005;;1. Moins de 1 an;;;;11,5;12,3;13,4;14,9;16,3;13,5;460;597;714;890;1005;750;56;263;;Estimation directe
B5900;2023;L5900;L5900.1.02;;Appartement;5. Apr�s 2005;;2. 1 an et plus;;;;11,5;12,2;13,5;14,7;16,0;13,1;465;595;669;810;938;709;54;609;;Estimation directe
B5900;2023;L5900;L5900.1.03;;;;;;;;;9,3;10,6;12,4;14,4;16,8;11,7;440;515;646;800;984;684;58;5479;18976;Estimation directe
B5900;2023;L5900;L5900.1.03;;;;;;;;Maison 1-3P;9,1;10,0;11,8;15,0;16,0;12,0;400;510;650;800;950;662;55;108;1004;Estimation directe
B5900;2023;L5900;L5900.1.03;;;;;;;;Ensemble 4P+;7,2;9,2;10,4;11,9;12,9;10,2;678;795;886;1100;1300;962;94;634;4320;Estimation directe
B5900;2023;L5900;L5900.1.03;;;;;;;;Maison 4P+;7,2;9,4;10,4;12,0;12,8;10,1;676;810;990;1173;1350;1012;100;301;2489;Estimation directe
B5900;2023;L5900;L5900.1.03;;;;;;;;Appart 1P;12,1;14,1;16,1;18,5;20,7;15,8;350;392;443;486;523;439;28;873;2873;Estimation directe
B5900;2023;L5900;L5900.1.03;;;;;;;;Appart 2P;10,8;12,2;13,5;15,0;16,5;13,3;467;513;574;630;684;574;43;2368;6502;Estimation directe
B5900;2023;L5900;L5900.1.03;;;;;;;;Appart 3P;9,2;10,2;11,4;12,4;13,5;11,2;600;674;740;817;889;741;66;1496;4277;Estimation directe
B5900;2023;L5900;L5900.1.03;;;;;;;;Appart 4P+;7,1;9,2;10,4;11,6;13,0;10,3;678;782;850;982;1100;894;87;333;1831;Estimation directe
B5900;2023;L5900;L5900.1.03;;;;;;;;Ensemble 1P;12,2;14,2;16,1;18,4;20,5;15,8;350;394;445;490;523;440;28;874;2980;Estimation directe
B5900;2023;L5900;L5900.1.03;;;;;;;;Ensemble 2P;10,8;12,2;13,5;15,1;16,5;13,3;450;505;570;630;680;569;43;2403;6841;Estimation directe
B5900;2023;L5900;L5900.1.03;;;;;;;;Ensemble 3P;9,2;10,2;11,4;12,5;13,6;11,3;600;667;740;820;899;745;66;1568;4835;Estimation directe
B5900;2023;L5900;L5900.1.03;;;;;;;Maison;;8,0;9,6;10,6;12,3;14,6;10,5;550;680;854;1100;1300;911;87;409;3493;Estimation directe
B5900;2023;L5900;L5900.1.03;;;;;;;Appart 1P;;12,1;14,1;16,1;18,5;20,7;15,8;350;392;443;486;523;439;28;873;2873;Estimation directe
B5900;2023;L5900;L5900.1.03;;;;;;;Appart 2P;;10,8;12,2;13,5;15,0;16,5;13,3;467;513;574;630;684;574;43;2368;6502;Estimation directe
B5900;2023;L5900;L5900.1.03;;;;;;;Appart 3P;;9,2;10,2;11,4;12,4;13,5;11,2;600;674;740;817;889;741;66;1496;4277;Estimation directe
B5900;2023;L5900;L5900.1.03;;;;;;;Appart 4P+;;7,1;9,2;10,4;11,6;13,0;10,3;678;782;850;982;1100;894;87;333;1831;Estimation directe
B5900;2023;L5900;L5900.1.03;;;;;;;Ensemble 1P;;12,2;14,2;16,1;18,4;20,5;15,8;350;394;445;490;523;440;28;874;2980;Estimation directe
B5900;2023;L5900;L5900.1.03;;;;;;;Ensemble 3P;;10,8;12,2;13,5;15,1;16,5;13,3;450;505;570;630;680;569;43;2403;6841;Estimation directe
B5900;2023;L5900;L5900.1.03;;;;;;;Ensemble 3P;;9,2;10,2;11,4;12,5;13,6;11,3;600;667;740;820;899;745;66;1568;4835;Estimation directe
B5900;2023;L5900;L5900.1.03;;;;;;;Ensemble 4P+;;7,2;9,2;10,4;11,9;12,9;10,2;678;795;886;1100;1300;962;94;634;4320;Estimation directe
B5900;2023;L5900;L5900.1.03;;;;;;1. Moins de 1 an;;;9,9;11,2;12,9;15,0;17,2;12,2;450;522;649;785;960;682;56;1665;;Estimation directe
B5900;2023;L5900;L5900.1.03;;;;;;1. Moins de 1 an;;Maison 1-3P;;;;;;;;;;;;;;31;;Estimation directe
B5900;2023;L5900;L5900.1.03;;;;;;1. Moins de 1 an;;Ensemble 4P+;8,2;10,1;11,2;12,6;13,3;10,7;700;795;930;1150;1300;992;92;175;;Estimation directe
B5900;2023;L5900;L5900.1.03;;;;;;1. Moins de 1 an;;Maison 4P+;4,0;10,6;11,4;12,6;13,5;10,4;700;870;1100;1275;1358;1070;103;78;;Estimation directe
B5900;2023;L5900;L5900.1.03;;;;;;1. Moins de 1 an;;Appart 1P;14,2;15,2;16,8;18,3;20,4;16,5;342;400;450;515;560;455;28;283;;Estimation directe
B5900;2023;L5900;L5900.1.03;;;;;;1. Moins de 1 an;;Appart 2P;11,1;12,2;13,5;15,1;16,5;13,3;490;520;575;636;700;581;44;751;;Estimation directe
B5900;2023;L5900;L5900.1.03;;;;;;1. Moins de 1 an;;Appart 3P;9,5;10,6;11,6;12,7;13,7;11,5;645;700;750;820;900;759;66;425;;Estimation directe
B5900;2023;L5900;L5900.1.03;;;;;;1. Moins de 1 an;;Appart 4P+;8,5;9,6;11,2;12,5;13,3;11,2;745;795;886;1000;1130;914;82;97;;Estimation directe
B5900;2023;L5900;L5900.1.03;;;;;;1. Moins de 1 an;;Ensemble 1P;14,3;15,2;17,1;18,3;20,4;16,5;343;400;450;510;560;456;28;284;;Estimation directe
B5900;2023;L5900;L5900.1.03;;;;;;1. Moins de 1 an;;Ensemble 2P;11,1;12,3;13,5;15,1;16,5;13,3;488;520;575;635;700;581;44;760;;Estimation directe
B5900;2023;L5900;L5900.1.03;;;;;;1. Moins de 1 an;;Ensemble 3P;9,5;10,4;11,5;12,8;13,8;11,5;645;700;750;819;900;762;66;446;;Estimation directe
B5900;2023;L5900;L5900.1.03;;;;;;2. 1 an et plus;;;9,1;10,3;12,1;14,2;16,5;11,5;420;500;645;813;1000;685;60;3814;;Estimation directe
B5900;2023;L5900;L5900.1.03;;;;;;2. 1 an et plus;;Maison 1-3P;9,1;10,0;11,8;15,0;16,0;12,0;350;493;635;757;960;651;54;77;;Estimation directe
B5900;2023;L5900;L5900.1.03;;;;;;2. 1 an et plus;;Ensemble 4P+;7,1;9,1;9,9;11,3;12,2;10,0;676;798;871;1093;1300;950;95;459;;Estimation directe
B5900;2023;L5900;L5900.1.03;;;;;;2. 1 an et plus;;Maison 4P+;7,2;9,1;9,9;11,4;12,3;10,1;676;810;950;1100;1350;993;99;223;;Estimation directe
B5900;2023;L5900;L5900.1.03;;;;;;2. 1 an et plus;;Appart 1P;11,7;13,3;15,5;18,7;21,3;15,4;350;386;440;474;500;431;28;590;;Estimation directe
B5900;2023;L5900;L5900.1.03;;;;;;2. 1 an et plus;;Appart 2P;10,8;12,2;13,5;15,0;16,5;13,3;459;500;573;626;675;569;43;1617;;Estimation directe
B5900;2023;L5900;L5900.1.03;;;;;;2. 1 an et plus;;Appart 3P;9,0;10,0;11,1;12,2;13,2;11,0;590;660;731;816;881;730;66;1071;;Estimation directe
B5900;2023;L5900;L5900.1.03;;;;;;2. 1 an et plus;;Appart 4P+;7,1;8,5;9,9;11,0;12,2;9,9;678;734;850;969;1100;884;89;236;;Estimation directe
B5900;2023;L5900;L5900.1.03;;;;;;2. 1 an et plus;;Ensemble 1P;11,7;13,3;15,5;18,7;21,3;15,4;350;386;440;474;500;431;28;590;;Estimation directe
B5900;2023;L5900;L5900.1.03;;;;;;2. 1 an et plus;;Ensemble 2P;10,7;12,1;13,5;15,2;16,5;13,3;432;500;569;625;670;561;42;1643;;Estimation directe
B5900;2023;L5900;L5900.1.03;;;;;;2. 1 an et plus;;Ensemble 3P;9,1;10,0;11,2;12,3;13,5;11,1;590;650;731;822;897;736;66;1122;;Estimation directe
B5900;2023;L5900;L5900.1.03;;;;;1. Moins de 1 an;;;;9,9;11,2;12,9;15,0;17,2;12,2;450;522;649;785;960;682;56;1665;;Estimation directe
B5900;2023;L5900;L5900.1.03;;;;;1. Moins de 1 an;;Maison;;8,3;10,6;11,7;12,8;15,1;10,7;650;700;900;1275;1320;979;92;109;;Estimation directe
B5900;2023;L5900;L5900.1.03;;;;;1. Moins de 1 an;;Appart 1P;;14,2;15,2;16,8;18,3;20,4;16,5;342;400;450;515;560;455;28;283;;Estimation directe
B5900;2023;L5900;L5900.1.03;;;;;1. Moins de 1 an;;Appart 2P;;11,1;12,2;13,5;15,1;16,5;13,3;490;520;575;636;700;581;44;751;;Estimation directe
B5900;2023;L5900;L5900.1.03;;;;;1. Moins de 1 an;;Appart 3P;;9,5;10,6;11,6;12,7;13,7;11,5;645;700;750;820;900;759;66;425;;Estimation directe
B5900;2023;L5900;L5900.1.03;;;;;1. Moins de 1 an;;Appart 4P+;;8,5;9,6;11,2;12,5;13,3;11,2;745;795;886;1000;1130;914;82;97;;Estimation directe
B5900;2023;L5900;L5900.1.03;;;;;1. Moins de 1 an;;Ensemble 1P;;14,3;15,2;17,1;18,3;20,4;16,5;343;400;450;510;560;456;28;284;;Estimation directe
B5900;2023;L5900;L5900.1.03;;;;;1. Moins de 1 an;;Ensemble 3P;;11,1;12,3;13,5;15,1;16,5;13,3;488;520;575;635;700;581;44;760;;Estimation directe
B5900;2023;L5900;L5900.1.03;;;;;1. Moins de 1 an;;Ensemble 3P;;9,5;10,4;11,5;12,8;13,8;11,5;645;700;750;819;900;762;66;446;;Estimation directe
B5900;2023;L5900;L5900.1.03;;;;;1. Moins de 1 an;;Ensemble 4P+;;8,2;10,1;11,2;12,6;13,3;10,7;700;795;930;1150;1300;992;92;175;;Estimation directe
B5900;2023;L5900;L5900.1.03;;;;;2. 1 an et plus;;;;9,1;10,3;12,1;14,2;16,5;11,5;420;500;645;813;1000;685;60;3814;;Estimation directe
B5900;2023;L5900;L5900.1.03;;;;;2. 1 an et plus;;Maison;;8,0;9,4;10,3;12,2;14,6;10,4;549;675;850;1070;1300;891;85;300;;Estimation directe
B5900;2023;L5900;L5900.1.03;;;;;2. 1 an et plus;;Appart 1P;;11,7;13,3;15,5;18,7;21,3;15,4;350;386;440;474;500;431;28;590;;Estimation directe
B5900;2023;L5900;L5900.1.03;;;;;2. 1 an et plus;;Appart 2P;;10,8;12,2;13,5;15,0;16,5;13,3;459;500;573;626;675;569;43;1617;;Estimation directe
B5900;2023;L5900;L5900.1.03;;;;;2. 1 an et plus;;Appart 3P;;9,0;10,0;11,1;12,2;13,2;11,0;590;660;731;816;881;730;66;1071;;Estimation directe
B5900;2023;L5900;L5900.1.03;;;;;2. 1 an et plus;;Appart 4P+;;7,1;8,5;9,9;11,0;12,2;9,9;678;734;850;969;1100;884;89;236;;Estimation directe
B5900;2023;L5900;L5900.1.03;;;;;2. 1 an et plus;;Ensemble 1P;;11,7;13,3;15,5;18,7;21,3;15,4;350;386;440;474;500;431;28;590;;Estimation directe
B5900;2023;L5900;L5900.1.03;;;;;2. 1 an et plus;;Ensemble 3P;;10,7;12,1;13,5;15,2;16,5;13,3;432;500;569;625;670;561;42;1643;;Estimation directe
B5900;2023;L5900;L5900.1.03;;;;;2. 1 an et plus;;Ensemble 3P;;9,1;10,0;11,2;12,3;13,5;11,1;590;650;731;822;897;736;66;1122;;Estimation directe
B5900;2023;L5900;L5900.1.03;;;;;2. 1 an et plus;;Ensemble 4P+;;7,1;9,1;9,9;11,3;12,2;10,0;676;798;871;1093;1300;950;95;459;;Estimation directe
B5900;2023;L5900;L5900.1.03;;;;1. Avant 1946;;;;;9,0;10,2;12,7;15,6;17,6;11,5;400;485;610;770;917;641;56;1020;4240;Estimation directe
B5900;2023;L5900;L5900.1.03;;;;1. Avant 1946;;1. Moins de 1 an;;;9,8;11,2;13,3;15,8;17,6;12,1;449;500;600;750;886;644;53;371;;Estimation directe
B5900;2023;L5900;L5900.1.03;;;;1. Avant 1946;;2. 1 an et plus;;;8,2;9,8;12,1;15,3;18,0;11,2;400;467;619;790;957;639;57;649;;Estimation directe
B5900;2023;L5900;L5900.1.03;;;;2. Entre 1946-1970;;;;;8,7;9,8;11,1;12,6;16,1;11,0;450;550;724;850;990;739;67;420;3553;Estimation directe
B5900;2023;L5900;L5900.1.03;;;;2. Entre 1946-1970;;1. Moins de 1 an;;;9,2;10,3;11,7;13,2;16,6;11,5;450;565;750;870;990;721;63;104;;Estimation directe
B5900;2023;L5900;L5900.1.03;;;;2. Entre 1946-1970;;2. 1 an et plus;;;8,4;9,8;10,7;12,5;16,1;10,8;450;550;688;850;1100;750;70;316;;Estimation directe
B5900;2023;L5900;L5900.1.03;;;;3. Entre 1971-1990;;;;;8,8;10,1;12,1;14,1;16,8;11,5;420;500;648;770;926;675;59;760;4055;Estimation directe
B5900;2023;L5900;L5900.1.03;;;;3. Entre 1971-1990;;1. Moins de 1 an;;;9,5;11,0;12,5;14,6;17,6;12,1;412;510;585;760;935;652;54;216;;Estimation directe
B5900;2023;L5900;L5900.1.03;;;;3. Entre 1971-1990;;2. 1 an et plus;;;8,5;9,7;11,6;13,7;16,3;11,2;430;492;650;800;926;684;61;544;;Estimation directe
B5900;2023;L5900;L5900.1.03;;;;4. Entre 1991-2005;;;;;10,3;11,3;12,8;14,5;16,6;12,4;455;550;649;851;1100;734;59;1149;3504;Estimation directe
B5900;2023;L5900;L5900.1.03;;;;4. Entre 1991-2005;;1. Moins de 1 an;;;10,6;11,7;13,3;15,2;16,6;13,0;490;570;680;780;1242;752;58;291;;Estimation directe
B5900;2023;L5900;L5900.1.03;;;;4. Entre 1991-2005;;2. 1 an et plus;;;10,0;11,0;12,5;14,3;16,4;12,2;448;550;642;873;1100;726;60;858;;Estimation directe
B5900;2023;L5900;L5900.1.03;;;;5. Apr�s 2005;;;;;10,1;11,3;12,4;13,7;15,1;12,1;500;562;677;805;970;705;58;2130;3626;Estimation directe
B5900;2023;L5900;L5900.1.03;;;;5. Apr�s 2005;;1. Moins de 1 an;;;10,3;11,5;12,6;13,8;15,4;12,3;500;555;670;800;970;702;57;683;;Estimation directe
B5900;2023;L5900;L5900.1.03;;;;5. Apr�s 2005;;2. 1 an et plus;;;10,0;11,2;12,3;13,7;15,0;12,0;495;575;678;807;987;706;59;1447;;Estimation directe
B5900;2023;L5900;L5900.1.03;;;1. Avant 1946;;;;;;9,0;10,2;12,7;15,6;17,6;11,5;400;485;610;770;917;641;56;1020;4240;Estimation directe
B5900;2023;L5900;L5900.1.03;;;1. Avant 1946;;1. Moins de 1 an;;;;9,8;11,2;13,3;15,8;17,6;12,1;449;500;600;750;886;644;53;371;;Estimation directe
B5900;2023;L5900;L5900.1.03;;;1. Avant 1946;;2. 1 an et plus;;;;8,2;9,8;12,1;15,3;18,0;11,2;400;467;619;790;957;639;57;649;;Estimation directe
B5900;2023;L5900;L5900.1.03;;;2. Entre 1946-1970;;;;;;8,7;9,8;11,1;12,6;16,1;11,0;450;550;724;850;990;739;67;420;3553;Estimation directe
B5900;2023;L5900;L5900.1.03;;;2. Entre 1946-1970;;1. Moins de 1 an;;;;9,2;10,3;11,7;13,2;16,6;11,5;450;565;750;870;990;721;63;104;;Estimation directe
B5900;2023;L5900;L5900.1.03;;;2. Entre 1946-1970;;2. 1 an et plus;;;;8,4;9,8;10,7;12,5;16,1;10,8;450;550;688;850;1100;750;70;316;;Estimation directe
B5900;2023;L5900;L5900.1.03;;;3. Entre 1971-1990;;;;;;8,8;10,1;12,1;14,1;16,8;11,5;420;500;648;770;926;675;59;760;4055;Estimation directe
B5900;2023;L5900;L5900.1.03;;;3. Entre 1971-1990;;1. Moins de 1 an;;;;9,5;11,0;12,5;14,6;17,6;12,1;412;510;585;760;935;652;54;216;;Estimation directe
B5900;2023;L5900;L5900.1.03;;;3. Entre 1971-1990;;2. 1 an et plus;;;;8,5;9,7;11,6;13,7;16,3;11,2;430;492;650;800;926;684;61;544;;Estimation directe
B5900;2023;L5900;L5900.1.03;;;4. Entre 1991-2005;;;;;;10,3;11,3;12,8;14,5;16,6;12,4;455;550;649;851;1100;734;59;1149;3504;Estimation directe
B5900;2023;L5900;L5900.1.03;;;4. Entre 1991-2005;;1. Moins de 1 an;;;;10,6;11,7;13,3;15,2;16,6;13,0;490;570;680;780;1242;752;58;291;;Estimation directe
B5900;2023;L5900;L5900.1.03;;;4. Entre 1991-2005;;2. 1 an et plus;;;;10,0;11,0;12,5;14,3;16,4;12,2;448;550;642;873;1100;726;60;858;;Estimation directe
B5900;2023;L5900;L5900.1.03;;;5. Apr�s 2005;;;;;;10,1;11,3;12,4;13,7;15,1;12,1;500;562;677;805;970;705;58;2130;3626;Estimation directe
B5900;2023;L5900;L5900.1.03;;;5. Apr�s 2005;;1. Moins de 1 an;;;;10,3;11,5;12,6;13,8;15,4;12,3;500;555;670;800;970;702;57;683;;Estimation directe
B5900;2023;L5900;L5900.1.03;;;5. Apr�s 2005;;2. 1 an et plus;;;;10,0;11,2;12,3;13,7;15,0;12,0;495;575;678;807;987;706;59;1447;;Estimation directe
B5900;2023;L5900;L5900.1.03;;Maison;;;;;;;8,0;9,6;10,6;12,3;14,6;10,5;550;680;854;1100;1300;911;87;409;3493;Estimation directe
B5900;2023;L5900;L5900.1.03;;Maison;;;;;;Maison 1-3P;9,1;10,0;11,8;15,0;16,0;12,0;400;510;650;800;950;662;55;108;1004;Estimation directe
B5900;2023;L5900;L5900.1.03;;Maison;;;;;;Maison 4P+;7,2;9,4;10,4;12,0;12,8;10,1;676;810;990;1173;1350;1012;100;301;2489;Estimation directe
B5900;2023;L5900;L5900.1.03;;Maison;;;;;Maison;;8,0;9,6;10,6;12,3;14,6;10,5;550;680;854;1100;1300;911;87;409;3493;Estimation directe
B5900;2023;L5900;L5900.1.03;;Maison;;;;1. Moins de 1 an;;;8,3;10,6;11,7;12,8;15,1;10,7;650;700;900;1275;1320;979;92;109;;Estimation directe
B5900;2023;L5900;L5900.1.03;;Maison;;;;1. Moins de 1 an;;Maison 1-3P;;;;;;;;;;;;;;31;;Estimation directe
B5900;2023;L5900;L5900.1.03;;Maison;;;;1. Moins de 1 an;;Maison 4P+;4,0;10,6;11,4;12,6;13,5;10,4;700;870;1100;1275;1358;1070;103;78;;Estimation directe
B5900;2023;L5900;L5900.1.03;;Maison;;;;2. 1 an et plus;;;8,0;9,4;10,3;12,2;14,6;10,4;549;675;850;1070;1300;891;85;300;;Estimation directe
B5900;2023;L5900;L5900.1.03;;Maison;;;;2. 1 an et plus;;Maison 1-3P;9,1;10,0;11,8;15,0;16,0;12,0;350;493;635;757;960;651;54;77;;Estimation directe
B5900;2023;L5900;L5900.1.03;;Maison;;;;2. 1 an et plus;;Maison 4P+;7,2;9,1;9,9;11,4;12,3;10,1;676;810;950;1100;1350;993;99;223;;Estimation directe
B5900;2023;L5900;L5900.1.03;;Maison;;;1. Moins de 1 an;;;;8,3;10,6;11,7;12,8;15,1;10,7;650;700;900;1275;1320;979;92;109;;Estimation directe
B5900;2023;L5900;L5900.1.03;;Maison;;;1. Moins de 1 an;;Maison;;8,3;10,6;11,7;12,8;15,1;10,7;650;700;900;1275;1320;979;92;109;;Estimation directe
B5900;2023;L5900;L5900.1.03;;Maison;;;2. 1 an et plus;;;;8,0;9,4;10,3;12,2;14,6;10,4;549;675;850;1070;1300;891;85;300;;Estimation directe
B5900;2023;L5900;L5900.1.03;;Maison;;;2. 1 an et plus;;Maison;;8,0;9,4;10,3;12,2;14,6;10,4;549;675;850;1070;1300;891;85;300;;Estimation directe
B5900;2023;L5900;L5900.1.03;;Maison;;1. Avant 1946;;;;;7,2;9,1;10,3;12,3;15,0;9,9;493;650;800;1000;1173;815;82;206;1413;Estimation directe
B5900;2023;L5900;L5900.1.03;;Maison;;1. Avant 1946;;1. Moins de 1 an;;;4,0;10,0;10,8;12,8;14,4;9,5;650;700;800;1200;1275;897;95;50;;Estimation directe
B5900;2023;L5900;L5900.1.03;;Maison;;1. Avant 1946;;2. 1 an et plus;;;7,3;9,1;10,0;12,1;15,0;10,0;400;630;798;995;1073;793;79;156;;Estimation directe
B5900;2023;L5900;L5900.1.03;;Maison;;2. Entre 1946-1970;;;;;;;;;;;;;;;;;;48;;Estimation directe
B5900;2023;L5900;L5900.1.03;;Maison;;2. Entre 1946-1970;;1. Moins de 1 an;;;;;;;;;;;;;;;;11;;Estimation directe
B5900;2023;L5900;L5900.1.03;;Maison;;2. Entre 1946-1970;;2. 1 an et plus;;;;;;;;;;;;;;;;37;;Estimation directe
B5900;2023;L5900;L5900.1.03;;Maison;;3. Entre 1971-1990;;;;;8,5;9,4;10,8;12,4;13,2;11,0;675;800;891;1283;1690;1026;93;69;599;Estimation directe
B5900;2023;L5900;L5900.1.03;;Maison;;3. Entre 1971-1990;;1. Moins de 1 an;;;;;;;;;;;;;;;;21;;Estimation directe
B5900;2023;L5900;L5900.1.03;;Maison;;3. Entre 1971-1990;;2. 1 an et plus;;;;;;;;;;;;;;;;48;;Estimation directe
B5900;2023;L5900;L5900.1.03;;Maison;;4. Entre 1991-2005;;;;;9,6;10,8;11,4;12,6;12,9;11,7;901;1080;1300;1350;1430;1207;103;56;362;Estimation directe
B5900;2023;L5900;L5900.1.03;;Maison;;4. Entre 1991-2005;;1. Moins de 1 an;;;;;;;;;;;;;;;;19;;Estimation directe
B5900;2023;L5900;L5900.1.03;;Maison;;4. Entre 1991-2005;;2. 1 an et plus;;;;;;;;;;;;;;;;37;;Estimation directe
B5900;2023;L5900;L5900.1.03;;Maison;;5. Apr�s 2005;;;;;;;;;;;;;;;;;;30;;Estimation directe
B5900;2023;L5900;L5900.1.03;;Maison;;5. Apr�s 2005;;1. Moins de 1 an;;;;;;;;;;;;;;;;8;;Estimation directe
B5900;2023;L5900;L5900.1.03;;Maison;;5. Apr�s 2005;;2. 1 an et plus;;;;;;;;;;;;;;;;22;;Estimation directe
B5900;2023;L5900;L5900.1.03;;Maison;1. Avant 1946;;;;;;7,2;9,1;10,3;12,3;15,0;9,9;493;650;800;1000;1173;815;82;206;1413;Estimation directe
B5900;2023;L5900;L5900.1.03;;Maison;1. Avant 1946;;1. Moins de 1 an;;;;4,0;10,0;10,8;12,8;14,4;9,5;650;700;800;1200;1275;897;95;50;;Estimation directe
B5900;2023;L5900;L5900.1.03;;Maison;1. Avant 1946;;2. 1 an et plus;;;;7,3;9,1;10,0;12,1;15,0;10,0;400;630;798;995;1073;793;79;156;;Estimation directe
B5900;2023;L5900;L5900.1.03;;Maison;2. Entre 1946-1970;;;;;;;;;;;;;;;;;;;48;;Estimation directe
B5900;2023;L5900;L5900.1.03;;Maison;2. Entre 1946-1970;;1. Moins de 1 an;;;;;;;;;;;;;;;;;11;;Estimation directe
B5900;2023;L5900;L5900.1.03;;Maison;2. Entre 1946-1970;;2. 1 an et plus;;;;;;;;;;;;;;;;;37;;Estimation directe
B5900;2023;L5900;L5900.1.03;;Maison;3. Entre 1971-1990;;;;;;8,5;9,4;10,8;12,4;13,2;11,0;675;800;891;1283;1690;1026;93;69;599;Estimation directe
B5900;2023;L5900;L5900.1.03;;Maison;3. Entre 1971-1990;;1. Moins de 1 an;;;;;;;;;;;;;;;;;21;;Estimation directe
B5900;2023;L5900;L5900.1.03;;Maison;3. Entre 1971-1990;;2. 1 an et plus;;;;;;;;;;;;;;;;;48;;Estimation directe
B5900;2023;L5900;L5900.1.03;;Maison;4. Entre 1991-2005;;;;;;9,6;10,8;11,4;12,6;12,9;11,7;901;1080;1300;1350;1430;1207;103;56;362;Estimation directe
B5900;2023;L5900;L5900.1.03;;Maison;4. Entre 1991-2005;;1. Moins de 1 an;;;;;;;;;;;;;;;;;19;;Estimation directe
B5900;2023;L5900;L5900.1.03;;Maison;4. Entre 1991-2005;;2. 1 an et plus;;;;;;;;;;;;;;;;;37;;Estimation directe
B5900;2023;L5900;L5900.1.03;;Maison;5. Apr�s 2005;;;;;;;;;;;;;;;;;;;30;;Estimation directe
B5900;2023;L5900;L5900.1.03;;Maison;5. Apr�s 2005;;1. Moins de 1 an;;;;;;;;;;;;;;;;;8;;Estimation directe
B5900;2023;L5900;L5900.1.03;;Maison;5. Apr�s 2005;;2. 1 an et plus;;;;;;;;;;;;;;;;;22;;Estimation directe
B5900;2023;L5900;L5900.1.03;;Appartement;;;;;;;9,6;11,1;12,7;14,9;17,2;12,2;425;500;610;740;851;633;52;5070;15483;Estimation directe
B5900;2023;L5900;L5900.1.03;;Appartement;;;;;;Appart 1P;12,1;14,1;16,1;18,5;20,7;15,8;350;392;443;486;523;439;28;873;2873;Estimation directe
B5900;2023;L5900;L5900.1.03;;Appartement;;;;;;Appart 2P;10,8;12,2;13,5;15,0;16,5;13,3;467;513;574;630;684;574;43;2368;6502;Estimation directe
B5900;2023;L5900;L5900.1.03;;Appartement;;;;;;Appart 3P;9,2;10,2;11,4;12,4;13,5;11,2;600;674;740;817;889;741;66;1496;4277;Estimation directe
B5900;2023;L5900;L5900.1.03;;Appartement;;;;;;Appart 4P+;7,1;9,2;10,4;11,6;13,0;10,3;678;782;850;982;1100;894;87;333;1831;Estimation directe
B5900;2023;L5900;L5900.1.03;;Appartement;;;;;Appart 1P;;12,1;14,1;16,1;18,5;20,7;15,8;350;392;443;486;523;439;28;873;2873;Estimation directe
B5900;2023;L5900;L5900.1.03;;Appartement;;;;;Appart 2P;;10,8;12,2;13,5;15,0;16,5;13,3;467;513;574;630;684;574;43;2368;6502;Estimation directe
B5900;2023;L5900;L5900.1.03;;Appartement;;;;;Appart 3P;;9,2;10,2;11,4;12,4;13,5;11,2;600;674;740;817;889;741;66;1496;4277;Estimation directe
B5900;2023;L5900;L5900.1.03;;Appartement;;;;;Appart 4P+;;7,1;9,2;10,4;11,6;13,0;10,3;678;782;850;982;1100;894;87;333;1831;Estimation directe
B5900;2023;L5900;L5900.1.03;;Appartement;;;;1. Moins de 1 an;;;10,0;11,5;13,0;15,1;17,3;12,6;450;520;610;750;862;642;51;1556;;Estimation directe
B5900;2023;L5900;L5900.1.03;;Appartement;;;;1. Moins de 1 an;;Appart 1P;14,2;15,2;16,8;18,3;20,4;16,5;342;400;450;515;560;455;28;283;;Estimation directe
B5900;2023;L5900;L5900.1.03;;Appartement;;;;1. Moins de 1 an;;Appart 2P;11,1;12,2;13,5;15,1;16,5;13,3;490;520;575;636;700;581;44;751;;Estimation directe
B5900;2023;L5900;L5900.1.03;;Appartement;;;;1. Moins de 1 an;;Appart 3P;9,5;10,6;11,6;12,7;13,7;11,5;645;700;750;820;900;759;66;425;;Estimation directe
B5900;2023;L5900;L5900.1.03;;Appartement;;;;1. Moins de 1 an;;Appart 4P+;8,5;9,6;11,2;12,5;13,3;11,2;745;795;886;1000;1130;914;82;97;;Estimation directe
B5900;2023;L5900;L5900.1.03;;Appartement;;;;2. 1 an et plus;;;9,3;10,8;12,5;14,6;17,2;12,0;420;490;610;731;850;628;52;3514;;Estimation directe
B5900;2023;L5900;L5900.1.03;;Appartement;;;;2. 1 an et plus;;Appart 1P;11,7;13,3;15,5;18,7;21,3;15,4;350;386;440;474;500;431;28;590;;Estimation directe
B5900;2023;L5900;L5900.1.03;;Appartement;;;;2. 1 an et plus;;Appart 2P;10,8;12,2;13,5;15,0;16,5;13,3;459;500;573;626;675;569;43;1617;;Estimation directe
B5900;2023;L5900;L5900.1.03;;Appartement;;;;2. 1 an et plus;;Appart 3P;9,0;10,0;11,1;12,2;13,2;11,0;590;660;731;816;881;730;66;1071;;Estimation directe
B5900;2023;L5900;L5900.1.03;;Appartement;;;;2. 1 an et plus;;Appart 4P+;7,1;8,5;9,9;11,0;12,2;9,9;678;734;850;969;1100;884;89;236;;Estimation directe
B5900;2023;L5900;L5900.1.03;;Appartement;;;1. Moins de 1 an;;;;10,0;11,5;13,0;15,1;17,3;12,6;450;520;610;750;862;642;51;1556;;Estimation directe
B5900;2023;L5900;L5900.1.03;;Appartement;;;1. Moins de 1 an;;Appart 1P;;14,2;15,2;16,8;18,3;20,4;16,5;342;400;450;515;560;455;28;283;;Estimation directe
B5900;2023;L5900;L5900.1.03;;Appartement;;;1. Moins de 1 an;;Appart 2P;;11,1;12,2;13,5;15,1;16,5;13,3;490;520;575;636;700;581;44;751;;Estimation directe
B5900;2023;L5900;L5900.1.03;;Appartement;;;1. Moins de 1 an;;Appart 3P;;9,5;10,6;11,6;12,7;13,7;11,5;645;700;750;820;900;759;66;425;;Estimation directe
B5900;2023;L5900;L5900.1.03;;Appartement;;;1. Moins de 1 an;;Appart 4P+;;8,5;9,6;11,2;12,5;13,3;11,2;745;795;886;1000;1130;914;82;97;;Estimation directe
B5900;2023;L5900;L5900.1.03;;Appartement;;;2. 1 an et plus;;;;9,3;10,8;12,5;14,6;17,2;12,0;420;490;610;731;850;628;52;3514;;Estimation directe
B5900;2023;L5900;L5900.1.03;;Appartement;;;2. 1 an et plus;;Appart 1P;;11,7;13,3;15,5;18,7;21,3;15,4;350;386;440;474;500;431;28;590;;Estimation directe
B5900;2023;L5900;L5900.1.03;;Appartement;;;2. 1 an et plus;;Appart 2P;;10,8;12,2;13,5;15,0;16,5;13,3;459;500;573;626;675;569;43;1617;;Estimation directe
B5900;2023;L5900;L5900.1.03;;Appartement;;;2. 1 an et plus;;Appart 3P;;9,0;10,0;11,1;12,2;13,2;11,0;590;660;731;816;881;730;66;1071;;Estimation directe
B5900;2023;L5900;L5900.1.03;;Appartement;;;2. 1 an et plus;;Appart 4P+;;7,1;8,5;9,9;11,0;12,2;9,9;678;734;850;969;1100;884;89;236;;Estimation directe
B5900;2023;L5900;L5900.1.03;;Appartement;;1. Avant 1946;;;;;9,3;11,2;13,7;16,2;18,6;12,7;400;460;531;670;795;571;45;814;2826;Estimation directe
B5900;2023;L5900;L5900.1.03;;Appartement;;1. Avant 1946;;1. Moins de 1 an;;;10,2;11,6;13,8;16,3;17,7;13,2;431;490;555;700;800;594;45;321;;Estimation directe
B5900;2023;L5900;L5900.1.03;;Appartement;;1. Avant 1946;;2. 1 an et plus;;;9,2;11,0;13,4;16,2;19,4;12,3;385;450;500;650;760;554;45;493;;Estimation directe
B5900;2023;L5900;L5900.1.03;;Appartement;;2. Entre 1946-1970;;;;;8,4;9,8;11,4;13,0;18,0;11,1;450;527;667;785;948;687;62;372;2670;Estimation directe
B5900;2023;L5900;L5900.1.03;;Appartement;;2. Entre 1946-1970;;1. Moins de 1 an;;;9,2;10,2;11,7;13,7;18,3;11,5;417;530;700;785;990;687;60;93;;Estimation directe
B5900;2023;L5900;L5900.1.03;;Appartement;;2. Entre 1946-1970;;2. 1 an et plus;;;8,0;9,4;10,9;12,7;18,0;10,9;450;526;650;800;940;687;63;279;;Estimation directe
B5900;2023;L5900;L5900.1.03;;Appartement;;3. Entre 1971-1990;;;;;8,8;10,3;12,2;14,4;17,2;11,6;414;486;590;720;825;611;53;691;3455;Estimation directe
B5900;2023;L5900;L5900.1.03;;Appartement;;3. Entre 1971-1990;;1. Moins de 1 an;;;9,5;11,1;12,6;14,7;18,0;12,0;409;510;550;720;825;611;51;195;;Estimation directe
B5900;2023;L5900;L5900.1.03;;Appartement;;3. Entre 1971-1990;;2. 1 an et plus;;;8,8;10,2;12,1;14,1;16,9;11,4;417;480;590;720;840;612;53;496;;Estimation directe
B5900;2023;L5900;L5900.1.03;;Appartement;;4. Entre 1991-2005;;;;;10,3;11,4;13,0;14,8;16,7;12,6;452;550;634;750;891;669;53;1093;3141;Estimation directe
B5900;2023;L5900;L5900.1.03;;Appartement;;4. Entre 1991-2005;;1. Moins de 1 an;;;10,5;11,7;13,6;15,3;16,6;13,2;480;560;649;740;850;685;52;272;;Estimation directe
B5900;2023;L5900;L5900.1.03;;Appartement;;4. Entre 1991-2005;;2. 1 an et plus;;;10,1;11,2;12,9;14,5;16,7;12,3;430;545;630;761;905;661;54;821;;Estimation directe
B5900;2023;L5900;L5900.1.03;;Appartement;;5. Apr�s 2005;;;;;10,3;11,4;12,5;13,8;15,1;12,2;495;560;670;785;908;686;56;2100;3390;Estimation directe
B5900;2023;L5900;L5900.1.03;;Appartement;;5. Apr�s 2005;;1. Moins de 1 an;;;10,3;11,5;12,6;13,7;15,1;12,2;500;555;666;800;925;687;56;675;;Estimation directe
B5900;2023;L5900;L5900.1.03;;Appartement;;5. Apr�s 2005;;2. 1 an et plus;;;10,3;11,3;12,4;13,9;15,0;12,2;492;571;670;775;890;685;56;1425;;Estimation directe
B5900;2023;L5900;L5900.1.03;;Appartement;1. Avant 1946;;;;;;9,3;11,2;13,7;16,2;18,6;12,7;400;460;531;670;795;571;45;814;2826;Estimation directe
B5900;2023;L5900;L5900.1.03;;Appartement;1. Avant 1946;;1. Moins de 1 an;;;;10,2;11,6;13,8;16,3;17,7;13,2;431;490;555;700;800;594;45;321;;Estimation directe
B5900;2023;L5900;L5900.1.03;;Appartement;1. Avant 1946;;2. 1 an et plus;;;;9,2;11,0;13,4;16,2;19,4;12,3;385;450;500;650;760;554;45;493;;Estimation directe
B5900;2023;L5900;L5900.1.03;;Appartement;2. Entre 1946-1970;;;;;;8,4;9,8;11,4;13,0;18,0;11,1;450;527;667;785;948;687;62;372;2670;Estimation directe
B5900;2023;L5900;L5900.1.03;;Appartement;2. Entre 1946-1970;;1. Moins de 1 an;;;;9,2;10,2;11,7;13,7;18,3;11,5;417;530;700;785;990;687;60;93;;Estimation directe
B5900;2023;L5900;L5900.1.03;;Appartement;2. Entre 1946-1970;;2. 1 an et plus;;;;8,0;9,4;10,9;12,7;18,0;10,9;450;526;650;800;940;687;63;279;;Estimation directe
B5900;2023;L5900;L5900.1.03;;Appartement;3. Entre 1971-1990;;;;;;8,8;10,3;12,2;14,4;17,2;11,6;414;486;590;720;825;611;53;691;3455;Estimation directe
B5900;2023;L5900;L5900.1.03;;Appartement;3. Entre 1971-1990;;1. Moins de 1 an;;;;9,5;11,1;12,6;14,7;18,0;12,0;409;510;550;720;825;611;51;195;;Estimation directe
B5900;2023;L5900;L5900.1.03;;Appartement;3. Entre 1971-1990;;2. 1 an et plus;;;;8,8;10,2;12,1;14,1;16,9;11,4;417;480;590;720;840;612;53;496;;Estimation directe
B5900;2023;L5900;L5900.1.03;;Appartement;4. Entre 1991-2005;;;;;;10,3;11,4;13,0;14,8;16,7;12,6;452;550;634;750;891;669;53;1093;3141;Estimation directe
B5900;2023;L5900;L5900.1.03;;Appartement;4. Entre 1991-2005;;1. Moins de 1 an;;;;10,5;11,7;13,6;15,3;16,6;13,2;480;560;649;740;850;685;52;272;;Estimation directe
B5900;2023;L5900;L5900.1.03;;Appartement;4. Entre 1991-2005;;2. 1 an et plus;;;;10,1;11,2;12,9;14,5;16,7;12,3;430;545;630;761;905;661;54;821;;Estimation directe
B5900;2023;L5900;L5900.1.03;;Appartement;5. Apr�s 2005;;;;;;10,3;11,4;12,5;13,8;15,1;12,2;495;560;670;785;908;686;56;2100;3390;Estimation directe
B5900;2023;L5900;L5900.1.03;;Appartement;5. Apr�s 2005;;1. Moins de 1 an;;;;10,3;11,5;12,6;13,7;15,1;12,2;500;555;666;800;925;687;56;675;;Estimation directe
B5900;2023;L5900;L5900.1.03;;Appartement;5. Apr�s 2005;;2. 1 an et plus;;;;10,3;11,3;12,4;13,9;15,0;12,2;492;571;670;775;890;685;56;1425;;Estimation directe
B5900;2023;L5900;L5900.1.04;;;;;;;;;8,3;9,7;11,4;13,2;15,4;10,8;441;530;650;815;990;692;64;6439;26126;Estimation directe
B5900;2023;L5900;L5900.1.04;;;;;;;;Maison 1-3P;8,1;9,6;11,1;13,7;14,7;10,8;500;550;680;750;853;661;61;148;1595;Estimation directe
B5900;2023;L5900;L5900.1.04;;;;;;;;Ensemble 4P+;7,2;8,4;9,7;11,1;12,4;9,6;650;780;886;1016;1200;907;94;888;8436;Estimation directe
B5900;2023;L5900;L5900.1.04;;;;;;;;Maison 4P+;7,2;8,4;9,7;10,9;12,0;9,5;690;800;900;1021;1250;937;98;463;5702;Estimation directe
B5900;2023;L5900;L5900.1.04;;;;;;;;Appart 1P;11,5;13,5;15,9;18,8;22,2;15,5;340;385;435;473;520;433;28;772;3016;Estimation directe
B5900;2023;L5900;L5900.1.04;;;;;;;;Appart 2P;9,9;11,3;12,5;13,8;15,4;12,2;450;500;550;600;650;549;45;2797;7601;Estimation directe
B5900;2023;L5900;L5900.1.04;;;;;;;;Appart 3P;9,1;10,0;11,1;12,2;13,5;11,0;580;645;700;769;847;709;65;1834;5479;Estimation directe
B5900;2023;L5900;L5900.1.04;;;;;;;;Appart 4P+;7,1;8,4;9,7;11,7;12,9;9,8;610;707;825;1000;1100;845;86;425;2734;Estimation directe
B5900;2023;L5900;L5900.1.04;;;;;;;;Ensemble 1P;11,5;13,5;15,9;18,8;22,1;15,5;340;386;436;474;520;434;28;777;3102;Estimation directe
B5900;2023;L5900;L5900.1.04;;;;;;;;Ensemble 2P;10,0;11,4;12,5;13,9;15,4;12,3;450;500;550;604;655;553;45;2829;8025;Estimation directe
B5900;2023;L5900;L5900.1.04;;;;;;;;Ensemble 3P;8,7;9,8;10,9;12,1;13,4;10,8;565;630;700;775;850;705;65;1945;6563;Estimation directe
B5900;2023;L5900;L5900.1.04;;;;;;;Maison;;7,4;8,6;10,0;11,3;12,9;9,7;570;710;850;983;1200;876;90;611;7296;Estimation directe
B5900;2023;L5900;L5900.1.04;;;;;;;Appart 1P;;11,5;13,5;15,9;18,8;22,2;15,5;340;385;435;473;520;433;28;772;3016;Estimation directe
B5900;2023;L5900;L5900.1.04;;;;;;;Appart 2P;;9,9;11,3;12,5;13,8;15,4;12,2;450;500;550;600;650;549;45;2797;7601;Estimation directe
B5900;2023;L5900;L5900.1.04;;;;;;;Appart 3P;;9,1;10,0;11,1;12,2;13,5;11,0;580;645;700;769;847;709;65;1834;5479;Estimation directe
B5900;2023;L5900;L5900.1.04;;;;;;;Appart 4P+;;7,1;8,4;9,7;11,7;12,9;9,8;610;707;825;1000;1100;845;86;425;2734;Estimation directe
B5900;2023;L5900;L5900.1.04;;;;;;;Ensemble 1P;;11,5;13,5;15,9;18,8;22,1;15,5;340;386;436;474;520;434;28;777;3102;Estimation directe
B5900;2023;L5900;L5900.1.04;;;;;;;Ensemble 3P;;10,0;11,4;12,5;13,9;15,4;12,3;450;500;550;604;655;553;45;2829;8025;Estimation directe
B5900;2023;L5900;L5900.1.04;;;;;;;Ensemble 3P;;8,7;9,8;10,9;12,1;13,4;10,8;565;630;700;775;850;705;65;1945;6563;Estimation directe
B5900;2023;L5900;L5900.1.04;;;;;;;Ensemble 4P+;;7,2;8,4;9,7;11,1;12,4;9,6;650;780;886;1016;1200;907;94;888;8436;Estimation directe
B5900;2023;L5900;L5900.1.04;;;;;;1. Moins de 1 an;;;9,3;10,6;11,9;13,8;16,3;11,5;450;533;670;850;1020;711;62;2320;;Estimation directe
B5900;2023;L5900;L5900.1.04;;;;;;1. Moins de 1 an;;Maison 1-3P;;;;;;;;;;;;;;43;;Estimation directe
B5900;2023;L5900;L5900.1.04;;;;;;1. Moins de 1 an;;Ensemble 4P+;7,8;9,2;10,2;11,6;13,3;10,3;800;850;909;1100;1250;981;96;282;;Estimation directe
B5900;2023;L5900;L5900.1.04;;;;;;1. Moins de 1 an;;Maison 4P+;7,8;9,0;10,0;10,9;11,9;10,1;800;860;901;1100;1300;1015;101;145;;Estimation directe
B5900;2023;L5900;L5900.1.04;;;;;;1. Moins de 1 an;;Appart 1P;12,4;13,8;16,0;19,7;22,1;16,1;342;380;440;500;544;442;27;290;;Estimation directe
B5900;2023;L5900;L5900.1.04;;;;;;1. Moins de 1 an;;Appart 2P;10,9;11,8;12,6;14,3;16,3;12,8;459;512;560;610;650;561;44;1051;;Estimation directe
B5900;2023;L5900;L5900.1.04;;;;;;1. Moins de 1 an;;Appart 3P;9,4;10,4;11,2;12,9;14,1;11,4;620;672;725;813;900;747;66;654;;Estimation directe
B5900;2023;L5900;L5900.1.04;;;;;;1. Moins de 1 an;;Appart 4P+;5,7;9,3;10,8;12,8;13,8;10,7;455;802;925;1082;1183;913;85;137;;Estimation directe
B5900;2023;L5900;L5900.1.04;;;;;;1. Moins de 1 an;;Ensemble 1P;12,4;13,8;16,0;19,7;22,1;16,1;342;380;440;500;544;442;27;290;;Estimation directe
B5900;2023;L5900;L5900.1.04;;;;;;1. Moins de 1 an;;Ensemble 2P;11,0;11,8;12,7;14,5;16,4;12,9;467;512;565;615;676;565;44;1063;;Estimation directe
B5900;2023;L5900;L5900.1.04;;;;;;1. Moins de 1 an;;Ensemble 3P;9,4;10,4;11,3;12,7;14,1;11,4;620;675;720;815;900;746;66;685;;Estimation directe
B5900;2023;L5900;L5900.1.04;;;;;;2. 1 an et plus;;;8,0;9,3;11,1;12,8;14,8;10,4;435;528;650;800;960;681;65;4119;;Estimation directe
B5900;2023;L5900;L5900.1.04;;;;;;2. 1 an et plus;;Maison 1-3P;7,7;8,9;10,4;12,5;13,8;10,2;410;546;680;794;872;658;64;105;;Estimation directe
B5900;2023;L5900;L5900.1.04;;;;;;2. 1 an et plus;;Ensemble 4P+;7,1;8,3;9,4;10,9;12,0;9,3;625;730;846;990;1170;874;94;606;;Estimation directe
B5900;2023;L5900;L5900.1.04;;;;;;2. 1 an et plus;;Maison 4P+;6,9;8,3;9,3;10,8;12,0;9,3;662;757;870;1020;1200;903;97;318;;Estimation directe
B5900;2023;L5900;L5900.1.04;;;;;;2. 1 an et plus;;Appart 1P;11,2;12,9;15,9;17,9;22,8;15,1;340;390;430;466;500;428;28;482;;Estimation directe
B5900;2023;L5900;L5900.1.04;;;;;;2. 1 an et plus;;Appart 2P;9,1;11,0;12,3;13,5;14,8;11,9;441;500;547;598;644;542;46;1746;;Estimation directe
B5900;2023;L5900;L5900.1.04;;;;;;2. 1 an et plus;;Appart 3P;8,6;9,9;10,9;12,0;12,9;10,7;560;620;690;755;806;684;64;1180;;Estimation directe
B5900;2023;L5900;L5900.1.04;;;;;;2. 1 an et plus;;Appart 4P+;7,1;8,3;9,4;11,2;12,4;9,4;610;670;802;920;1008;813;87;288;;Estimation directe
B5900;2023;L5900;L5900.1.04;;;;;;2. 1 an et plus;;Ensemble 1P;11,2;13,0;15,9;17,9;22,5;15,1;340;390;432;468;500;429;28;487;;Estimation directe
B5900;2023;L5900;L5900.1.04;;;;;;2. 1 an et plus;;Ensemble 2P;9,2;11,1;12,3;13,6;14,8;12,0;423;500;548;600;650;545;46;1766;;Estimation directe
B5900;2023;L5900;L5900.1.04;;;;;;2. 1 an et plus;;Ensemble 3P;8,3;9,6;10,7;11,9;12,9;10,5;545;600;687;755;819;681;65;1260;;Estimation directe
B5900;2023;L5900;L5900.1.04;;;;;1. Moins de 1 an;;;;9,3;10,6;11,9;13,8;16,3;11,5;450;533;670;850;1020;711;62;2320;;Estimation directe
B5900;2023;L5900;L5900.1.04;;;;;1. Moins de 1 an;;Maison;;8,3;9,4;10,6;11,7;14,4;10,4;650;800;900;1014;1250;940;91;188;;Estimation directe
B5900;2023;L5900;L5900.1.04;;;;;1. Moins de 1 an;;Appart 1P;;12,4;13,8;16,0;19,7;22,1;16,1;342;380;440;500;544;442;27;290;;Estimation directe
B5900;2023;L5900;L5900.1.04;;;;;1. Moins de 1 an;;Appart 2P;;10,9;11,8;12,6;14,3;16,3;12,8;459;512;560;610;650;561;44;1051;;Estimation directe
B5900;2023;L5900;L5900.1.04;;;;;1. Moins de 1 an;;Appart 3P;;9,4;10,4;11,2;12,9;14,1;11,4;620;672;725;813;900;747;66;654;;Estimation directe
B5900;2023;L5900;L5900.1.04;;;;;1. Moins de 1 an;;Appart 4P+;;5,7;9,3;10,8;12,8;13,8;10,7;455;802;925;1082;1183;913;85;137;;Estimation directe
B5900;2023;L5900;L5900.1.04;;;;;1. Moins de 1 an;;Ensemble 1P;;12,4;13,8;16,0;19,7;22,1;16,1;342;380;440;500;544;442;27;290;;Estimation directe
B5900;2023;L5900;L5900.1.04;;;;;1. Moins de 1 an;;Ensemble 3P;;11,0;11,8;12,7;14,5;16,4;12,9;467;512;565;615;676;565;44;1063;;Estimation directe
B5900;2023;L5900;L5900.1.04;;;;;1. Moins de 1 an;;Ensemble 3P;;9,4;10,4;11,3;12,7;14,1;11,4;620;675;720;815;900;746;66;685;;Estimation directe
B5900;2023;L5900;L5900.1.04;;;;;1. Moins de 1 an;;Ensemble 4P+;;7,8;9,2;10,2;11,6;13,3;10,3;800;850;909;1100;1250;981;96;282;;Estimation directe
B5900;2023;L5900;L5900.1.04;;;;;2. 1 an et plus;;;;8,0;9,3;11,1;12,8;14,8;10,4;435;528;650;800;960;681;65;4119;;Estimation directe
B5900;2023;L5900;L5900.1.04;;;;;2. 1 an et plus;;Maison;;7,2;8,3;9,5;11,1;12,5;9,4;550;700;825;960;1179;849;90;423;;Estimation directe
B5900;2023;L5900;L5900.1.04;;;;;2. 1 an et plus;;Appart 1P;;11,2;12,9;15,9;17,9;22,8;15,1;340;390;430;466;500;428;28;482;;Estimation directe
B5900;2023;L5900;L5900.1.04;;;;;2. 1 an et plus;;Appart 2P;;9,1;11,0;12,3;13,5;14,8;11,9;441;500;547;598;644;542;46;1746;;Estimation directe
B5900;2023;L5900;L5900.1.04;;;;;2. 1 an et plus;;Appart 3P;;8,6;9,9;10,9;12,0;12,9;10,7;560;620;690;755;806;684;64;1180;;Estimation directe
B5900;2023;L5900;L5900.1.04;;;;;2. 1 an et plus;;Appart 4P+;;7,1;8,3;9,4;11,2;12,4;9,4;610;670;802;920;1008;813;87;288;;Estimation directe
B5900;2023;L5900;L5900.1.04;;;;;2. 1 an et plus;;Ensemble 1P;;11,2;13,0;15,9;17,9;22,5;15,1;340;390;432;468;500;429;28;487;;Estimation directe
B5900;2023;L5900;L5900.1.04;;;;;2. 1 an et plus;;Ensemble 3P;;9,2;11,1;12,3;13,6;14,8;12,0;423;500;548;600;650;545;46;1766;;Estimation directe
B5900;2023;L5900;L5900.1.04;;;;;2. 1 an et plus;;Ensemble 3P;;8,3;9,6;10,7;11,9;12,9;10,5;545;600;687;755;819;681;65;1260;;Estimation directe
B5900;2023;L5900;L5900.1.04;;;;;2. 1 an et plus;;Ensemble 4P+;;7,1;8,3;9,4;10,9;12,0;9,3;625;730;846;990;1170;874;94;606;;Estimation directe
B5900;2023;L5900;L5900.1.04;;;;1. Avant 1946;;;;;7,9;9,0;11,1;13,8;16,7;10,4;410;501;625;800;900;656;63;1017;5913;Estimation directe
B5900;2023;L5900;L5900.1.04;;;;1. Avant 1946;;1. Moins de 1 an;;;9,0;10,3;12,2;15,3;18,5;11,4;410;500;630;850;990;677;59;333;;Estimation directe
B5900;2023;L5900;L5900.1.04;;;;1. Avant 1946;;2. 1 an et plus;;;7,7;8,7;10,5;12,7;15,0;10,0;410;505;620;790;900;647;65;684;;Estimation directe
B5900;2023;L5900;L5900.1.04;;;;2. Entre 1946-1970;;;;;6,8;9,1;10,2;12,3;14,3;9,9;440;548;680;839;1021;723;73;413;5033;Estimation directe
B5900;2023;L5900;L5900.1.04;;;;2. Entre 1946-1970;;1. Moins de 1 an;;;4,2;9,3;11,0;13,6;15,4;10,4;315;480;680;725;931;640;62;115;;Estimation directe
B5900;2023;L5900;L5900.1.04;;;;2. Entre 1946-1970;;2. 1 an et plus;;;7,2;9,1;10,0;11,8;13,3;9,8;481;570;690;845;1170;751;76;298;;Estimation directe
B5900;2023;L5900;L5900.1.04;;;;3. Entre 1971-1990;;;;;8,0;9,5;11,4;13,3;15,6;10,8;394;484;608;800;1000;664;61;929;5254;Estimation directe
B5900;2023;L5900;L5900.1.04;;;;3. Entre 1971-1990;;1. Moins de 1 an;;;9,5;10,8;12,4;14,0;16,6;12,3;400;500;620;800;1045;681;55;273;;Estimation directe
B5900;2023;L5900;L5900.1.04;;;;3. Entre 1971-1990;;2. 1 an et plus;;;7,6;8,9;10,8;12,3;14,4;10,1;394;470;608;810;1000;655;65;656;;Estimation directe
B5900;2023;L5900;L5900.1.04;;;;4. Entre 1991-2005;;;;;9,3;10,6;12,0;14,2;16,5;11,5;457;533;683;940;1050;736;64;493;3372;Estimation directe
B5900;2023;L5900;L5900.1.04;;;;4. Entre 1991-2005;;1. Moins de 1 an;;;9,6;11,3;12,6;14,4;16,1;12,0;508;574;670;905;1020;736;61;129;;Estimation directe
B5900;2023;L5900;L5900.1.04;;;;4. Entre 1991-2005;;2. 1 an et plus;;;9,0;10,4;12,0;13,7;16,7;11,2;450;505;690;950;1155;737;66;364;;Estimation directe
B5900;2023;L5900;L5900.1.04;;;;5. Apr�s 2005;;;;;9,7;10,6;11,8;13,0;14,1;11,4;500;559;689;820;1041;723;63;3587;6554;Estimation directe
B5900;2023;L5900;L5900.1.04;;;;5. Apr�s 2005;;1. Moins de 1 an;;;9,9;10,6;11,7;13,1;14,1;11,5;515;572;701;890;1100;758;66;1470;;Estimation directe
B5900;2023;L5900;L5900.1.04;;;;5. Apr�s 2005;;2. 1 an et plus;;;9,7;10,7;11,8;12,9;14,2;11,3;485;550;663;792;963;694;61;2117;;Estimation directe
B5900;2023;L5900;L5900.1.04;;;1. Avant 1946;;;;;;7,9;9,0;11,1;13,8;16,7;10,4;410;501;625;800;900;656;63;1017;5913;Estimation directe
B5900;2023;L5900;L5900.1.04;;;1. Avant 1946;;1. Moins de 1 an;;;;9,0;10,3;12,2;15,3;18,5;11,4;410;500;630;850;990;677;59;333;;Estimation directe
B5900;2023;L5900;L5900.1.04;;;1. Avant 1946;;2. 1 an et plus;;;;7,7;8,7;10,5;12,7;15,0;10,0;410;505;620;790;900;647;65;684;;Estimation directe
B5900;2023;L5900;L5900.1.04;;;2. Entre 1946-1970;;;;;;6,8;9,1;10,2;12,3;14,3;9,9;440;548;680;839;1021;723;73;413;5033;Estimation directe
B5900;2023;L5900;L5900.1.04;;;2. Entre 1946-1970;;1. Moins de 1 an;;;;4,2;9,3;11,0;13,6;15,4;10,4;315;480;680;725;931;640;62;115;;Estimation directe
B5900;2023;L5900;L5900.1.04;;;2. Entre 1946-1970;;2. 1 an et plus;;;;7,2;9,1;10,0;11,8;13,3;9,8;481;570;690;845;1170;751;76;298;;Estimation directe
B5900;2023;L5900;L5900.1.04;;;3. Entre 1971-1990;;;;;;8,0;9,5;11,4;13,3;15,6;10,8;394;484;608;800;1000;664;61;929;5254;Estimation directe
B5900;2023;L5900;L5900.1.04;;;3. Entre 1971-1990;;1. Moins de 1 an;;;;9,5;10,8;12,4;14,0;16,6;12,3;400;500;620;800;1045;681;55;273;;Estimation directe
B5900;2023;L5900;L5900.1.04;;;3. Entre 1971-1990;;2. 1 an et plus;;;;7,6;8,9;10,8;12,3;14,4;10,1;394;470;608;810;1000;655;65;656;;Estimation directe
B5900;2023;L5900;L5900.1.04;;;4. Entre 1991-2005;;;;;;9,3;10,6;12,0;14,2;16,5;11,5;457;533;683;940;1050;736;64;493;3372;Estimation directe
B5900;2023;L5900;L5900.1.04;;;4. Entre 1991-2005;;1. Moins de 1 an;;;;9,6;11,3;12,6;14,4;16,1;12,0;508;574;670;905;1020;736;61;129;;Estimation directe
B5900;2023;L5900;L5900.1.04;;;4. Entre 1991-2005;;2. 1 an et plus;;;;9,0;10,4;12,0;13,7;16,7;11,2;450;505;690;950;1155;737;66;364;;Estimation directe
B5900;2023;L5900;L5900.1.04;;;5. Apr�s 2005;;;;;;9,7;10,6;11,8;13,0;14,1;11,4;500;559;689;820;1041;723;63;3587;6554;Estimation directe
B5900;2023;L5900;L5900.1.04;;;5. Apr�s 2005;;1. Moins de 1 an;;;;9,9;10,6;11,7;13,1;14,1;11,5;515;572;701;890;1100;758;66;1470;;Estimation directe
B5900;2023;L5900;L5900.1.04;;;5. Apr�s 2005;;2. 1 an et plus;;;;9,7;10,7;11,8;12,9;14,2;11,3;485;550;663;792;963;694;61;2117;;Estimation directe
B5900;2023;L5900;L5900.1.04;;Maison;;;;;;;7,4;8,6;10,0;11,3;12,9;9,7;570;710;850;983;1200;876;90;611;7296;Estimation directe
B5900;2023;L5900;L5900.1.04;;Maison;;;;;;Maison 1-3P;8,1;9,6;11,1;13,7;14,7;10,8;500;550;680;750;853;661;61;148;1595;Estimation directe
B5900;2023;L5900;L5900.1.04;;Maison;;;;;;Maison 4P+;7,2;8,4;9,7;10,9;12,0;9,5;690;800;900;1021;1250;937;98;463;5702;Estimation directe
B5900;2023;L5900;L5900.1.04;;Maison;;;;;Maison;;7,4;8,6;10,0;11,3;12,9;9,7;570;710;850;983;1200;876;90;611;7296;Estimation directe
B5900;2023;L5900;L5900.1.04;;Maison;;;;1. Moins de 1 an;;;8,3;9,4;10,6;11,7;14,4;10,4;650;800;900;1014;1250;940;91;188;;Estimation directe
B5900;2023;L5900;L5900.1.04;;Maison;;;;1. Moins de 1 an;;Maison 1-3P;;;;;;;;;;;;;;43;;Estimation directe
B5900;2023;L5900;L5900.1.04;;Maison;;;;1. Moins de 1 an;;Maison 4P+;7,8;9,0;10,0;10,9;11,9;10,1;800;860;901;1100;1300;1015;101;145;;Estimation directe
B5900;2023;L5900;L5900.1.04;;Maison;;;;2. 1 an et plus;;;7,2;8,3;9,5;11,1;12,5;9,4;550;700;825;960;1179;849;90;423;;Estimation directe
B5900;2023;L5900;L5900.1.04;;Maison;;;;2. 1 an et plus;;Maison 1-3P;7,7;8,9;10,4;12,5;13,8;10,2;410;546;680;794;872;658;64;105;;Estimation directe
B5900;2023;L5900;L5900.1.04;;Maison;;;;2. 1 an et plus;;Maison 4P+;6,9;8,3;9,3;10,8;12,0;9,3;662;757;870;1020;1200;903;97;318;;Estimation directe
B5900;2023;L5900;L5900.1.04;;Maison;;;1. Moins de 1 an;;;;8,3;9,4;10,6;11,7;14,4;10,4;650;800;900;1014;1250;940;91;188;;Estimation directe
B5900;2023;L5900;L5900.1.04;;Maison;;;1. Moins de 1 an;;Maison;;8,3;9,4;10,6;11,7;14,4;10,4;650;800;900;1014;1250;940;91;188;;Estimation directe
B5900;2023;L5900;L5900.1.04;;Maison;;;2. 1 an et plus;;;;7,2;8,3;9,5;11,1;12,5;9,4;550;700;825;960;1179;849;90;423;;Estimation directe
B5900;2023;L5900;L5900.1.04;;Maison;;;2. 1 an et plus;;Maison;;7,2;8,3;9,5;11,1;12,5;9,4;550;700;825;960;1179;849;90;423;;Estimation directe
B5900;2023;L5900;L5900.1.04;;Maison;;1. Avant 1946;;;;;7,2;8,3;9,8;11,3;13,8;9,5;546;670;800;900;990;781;82;264;2777;Estimation directe
B5900;2023;L5900;L5900.1.04;;Maison;;1. Avant 1946;;1. Moins de 1 an;;;7,8;9,0;10,8;11,8;14,7;10,0;600;700;853;930;1130;845;84;80;;Estimation directe
B5900;2023;L5900;L5900.1.04;;Maison;;1. Avant 1946;;2. 1 an et plus;;;7,2;8,1;9,0;10,9;13,1;9,2;545;650;776;850;935;753;82;184;;Estimation directe
B5900;2023;L5900;L5900.1.04;;Maison;;2. Entre 1946-1970;;;;;6,6;8,5;9,3;11,1;12,7;9,4;662;726;880;1021;1300;924;98;94;1867;Estimation directe
B5900;2023;L5900;L5900.1.04;;Maison;;2. Entre 1946-1970;;1. Moins de 1 an;;;;;;;;;;;;;;;;26;;Estimation directe
B5900;2023;L5900;L5900.1.04;;Maison;;2. Entre 1946-1970;;2. 1 an et plus;;;6,6;8,1;9,3;10,5;11,9;9,2;637;700;845;1021;1370;921;100;68;;Estimation directe
B5900;2023;L5900;L5900.1.04;;Maison;;3. Entre 1971-1990;;;;;7,4;8,3;9,7;11,6;12,2;9,9;659;859;965;1100;1500;1021;103;60;1061;Estimation directe
B5900;2023;L5900;L5900.1.04;;Maison;;3. Entre 1971-1990;;1. Moins de 1 an;;;;;;;;;;;;;;;;17;;Estimation directe
B5900;2023;L5900;L5900.1.04;;Maison;;3. Entre 1971-1990;;2. 1 an et plus;;;;;;;;;;;;;;;;43;;Estimation directe
B5900;2023;L5900;L5900.1.04;;Maison;;4. Entre 1991-2005;;;;;7,9;9,6;10,6;12,1;13,1;10,5;700;940;960;1179;1384;1017;97;56;666;Estimation directe
B5900;2023;L5900;L5900.1.04;;Maison;;4. Entre 1991-2005;;1. Moins de 1 an;;;;;;;;;;;;;;;;13;;Estimation directe
B5900;2023;L5900;L5900.1.04;;Maison;;4. Entre 1991-2005;;2. 1 an et plus;;;;;;;;;;;;;;;;43;;Estimation directe
B5900;2023;L5900;L5900.1.04;;Maison;;5. Apr�s 2005;;;;;8,6;9,9;10,4;10,9;11,9;10,3;800;893;1024;1230;1500;1071;103;137;926;Estimation directe
B5900;2023;L5900;L5900.1.04;;Maison;;5. Apr�s 2005;;1. Moins de 1 an;;;8,4;9,7;10,6;10,6;11,3;10,3;808;893;980;1250;1500;1087;105;52;;Estimation directe
B5900;2023;L5900;L5900.1.04;;Maison;;5. Apr�s 2005;;2. 1 an et plus;;;8,7;10,0;10,4;11,4;12,0;10,4;785;910;1078;1200;1300;1050;101;85;;Estimation directe
B5900;2023;L5900;L5900.1.04;;Maison;1. Avant 1946;;;;;;7,2;8,3;9,8;11,3;13,8;9,5;546;670;800;900;990;781;82;264;2777;Estimation directe
B5900;2023;L5900;L5900.1.04;;Maison;1. Avant 1946;;1. Moins de 1 an;;;;7,8;9,0;10,8;11,8;14,7;10,0;600;700;853;930;1130;845;84;80;;Estimation directe
B5900;2023;L5900;L5900.1.04;;Maison;1. Avant 1946;;2. 1 an et plus;;;;7,2;8,1;9,0;10,9;13,1;9,2;545;650;776;850;935;753;82;184;;Estimation directe
B5900;2023;L5900;L5900.1.04;;Maison;2. Entre 1946-1970;;;;;;6,6;8,5;9,3;11,1;12,7;9,4;662;726;880;1021;1300;924;98;94;1867;Estimation directe
B5900;2023;L5900;L5900.1.04;;Maison;2. Entre 1946-1970;;1. Moins de 1 an;;;;;;;;;;;;;;;;;26;;Estimation directe
B5900;2023;L5900;L5900.1.04;;Maison;2. Entre 1946-1970;;2. 1 an et plus;;;;6,6;8,1;9,3;10,5;11,9;9,2;637;700;845;1021;1370;921;100;68;;Estimation directe
B5900;2023;L5900;L5900.1.04;;Maison;3. Entre 1971-1990;;;;;;7,4;8,3;9,7;11,6;12,2;9,9;659;859;965;1100;1500;1021;103;60;1061;Estimation directe
B5900;2023;L5900;L5900.1.04;;Maison;3. Entre 1971-1990;;1. Moins de 1 an;;;;;;;;;;;;;;;;;17;;Estimation directe
B5900;2023;L5900;L5900.1.04;;Maison;3. Entre 1971-1990;;2. 1 an et plus;;;;;;;;;;;;;;;;;43;;Estimation directe
B5900;2023;L5900;L5900.1.04;;Maison;4. Entre 1991-2005;;;;;;7,9;9,6;10,6;12,1;13,1;10,5;700;940;960;1179;1384;1017;97;56;666;Estimation directe
B5900;2023;L5900;L5900.1.04;;Maison;4. Entre 1991-2005;;1. Moins de 1 an;;;;;;;;;;;;;;;;;13;;Estimation directe
B5900;2023;L5900;L5900.1.04;;Maison;4. Entre 1991-2005;;2. 1 an et plus;;;;;;;;;;;;;;;;;43;;Estimation directe
B5900;2023;L5900;L5900.1.04;;Maison;5. Apr�s 2005;;;;;;8,6;9,9;10,4;10,9;11,9;10,3;800;893;1024;1230;1500;1071;103;137;926;Estimation directe
B5900;2023;L5900;L5900.1.04;;Maison;5. Apr�s 2005;;1. Moins de 1 an;;;;8,4;9,7;10,6;10,6;11,3;10,3;808;893;980;1250;1500;1087;105;52;;Estimation directe
B5900;2023;L5900;L5900.1.04;;Maison;5. Apr�s 2005;;2. 1 an et plus;;;;8,7;10,0;10,4;11,4;12,0;10,4;785;910;1078;1200;1300;1050;101;85;;Estimation directe
B5900;2023;L5900;L5900.1.04;;Appartement;;;;;;;9,0;10,5;12,0;13,8;16,3;11,5;412;500;600;714;844;620;54;5828;18830;Estimation directe
B5900;2023;L5900;L5900.1.04;;Appartement;;;;;;Appart 1P;11,5;13,5;15,9;18,8;22,2;15,5;340;385;435;473;520;433;28;772;3016;Estimation directe
B5900;2023;L5900;L5900.1.04;;Appartement;;;;;;Appart 2P;9,9;11,3;12,5;13,8;15,4;12,2;450;500;550;600;650;549;45;2797;7601;Estimation directe
B5900;2023;L5900;L5900.1.04;;Appartement;;;;;;Appart 3P;9,1;10,0;11,1;12,2;13,5;11,0;580;645;700;769;847;709;65;1834;5479;Estimation directe
B5900;2023;L5900;L5900.1.04;;Appartement;;;;;;Appart 4P+;7,1;8,4;9,7;11,7;12,9;9,8;610;707;825;1000;1100;845;86;425;2734;Estimation directe
B5900;2023;L5900;L5900.1.04;;Appartement;;;;;Appart 1P;;11,5;13,5;15,9;18,8;22,2;15,5;340;385;435;473;520;433;28;772;3016;Estimation directe
B5900;2023;L5900;L5900.1.04;;Appartement;;;;;Appart 2P;;9,9;11,3;12,5;13,8;15,4;12,2;450;500;550;600;650;549;45;2797;7601;Estimation directe
B5900;2023;L5900;L5900.1.04;;Appartement;;;;;Appart 3P;;9,1;10,0;11,1;12,2;13,5;11,0;580;645;700;769;847;709;65;1834;5479;Estimation directe
B5900;2023;L5900;L5900.1.04;;Appartement;;;;;Appart 4P+;;7,1;8,4;9,7;11,7;12,9;9,8;610;707;825;1000;1100;845;86;425;2734;Estimation directe
B5900;2023;L5900;L5900.1.04;;Appartement;;;;1. Moins de 1 an;;;9,8;11,0;12,5;14,3;16,6;12,2;417;512;610;727;900;641;53;2132;;Estimation directe
B5900;2023;L5900;L5900.1.04;;Appartement;;;;1. Moins de 1 an;;Appart 1P;12,4;13,8;16,0;19,7;22,1;16,1;342;380;440;500;544;442;27;290;;Estimation directe
B5900;2023;L5900;L5900.1.04;;Appartement;;;;1. Moins de 1 an;;Appart 2P;10,9;11,8;12,6;14,3;16,3;12,8;459;512;560;610;650;561;44;1051;;Estimation directe
B5900;2023;L5900;L5900.1.04;;Appartement;;;;1. Moins de 1 an;;Appart 3P;9,4;10,4;11,2;12,9;14,1;11,4;620;672;725;813;900;747;66;654;;Estimation directe
B5900;2023;L5900;L5900.1.04;;Appartement;;;;1. Moins de 1 an;;Appart 4P+;5,7;9,3;10,8;12,8;13,8;10,7;455;802;925;1082;1183;913;85;137;;Estimation directe
B5900;2023;L5900;L5900.1.04;;Appartement;;;;2. 1 an et plus;;;8,6;10,0;11,7;13,4;16,1;11,1;412;500;590;700;811;607;55;3696;;Estimation directe
B5900;2023;L5900;L5900.1.04;;Appartement;;;;2. 1 an et plus;;Appart 1P;11,2;12,9;15,9;17,9;22,8;15,1;340;390;430;466;500;428;28;482;;Estimation directe
B5900;2023;L5900;L5900.1.04;;Appartement;;;;2. 1 an et plus;;Appart 2P;9,1;11,0;12,3;13,5;14,8;11,9;441;500;547;598;644;542;46;1746;;Estimation directe
B5900;2023;L5900;L5900.1.04;;Appartement;;;;2. 1 an et plus;;Appart 3P;8,6;9,9;10,9;12,0;12,9;10,7;560;620;690;755;806;684;64;1180;;Estimation directe
B5900;2023;L5900;L5900.1.04;;Appartement;;;;2. 1 an et plus;;Appart 4P+;7,1;8,3;9,4;11,2;12,4;9,4;610;670;802;920;1008;813;87;288;;Estimation directe
B5900;2023;L5900;L5900.1.04;;Appartement;;;1. Moins de 1 an;;;;9,8;11,0;12,5;14,3;16,6;12,2;417;512;610;727;900;641;53;2132;;Estimation directe
B5900;2023;L5900;L5900.1.04;;Appartement;;;1. Moins de 1 an;;Appart 1P;;12,4;13,8;16,0;19,7;22,1;16,1;342;380;440;500;544;442;27;290;;Estimation directe
B5900;2023;L5900;L5900.1.04;;Appartement;;;1. Moins de 1 an;;Appart 2P;;10,9;11,8;12,6;14,3;16,3;12,8;459;512;560;610;650;561;44;1051;;Estimation directe
B5900;2023;L5900;L5900.1.04;;Appartement;;;1. Moins de 1 an;;Appart 3P;;9,4;10,4;11,2;12,9;14,1;11,4;620;672;725;813;900;747;66;654;;Estimation directe
B5900;2023;L5900;L5900.1.04;;Appartement;;;1. Moins de 1 an;;Appart 4P+;;5,7;9,3;10,8;12,8;13,8;10,7;455;802;925;1082;1183;913;85;137;;Estimation directe
B5900;2023;L5900;L5900.1.04;;Appartement;;;2. 1 an et plus;;;;8,6;10,0;11,7;13,4;16,1;11,1;412;500;590;700;811;607;55;3696;;Estimation directe
B5900;2023;L5900;L5900.1.04;;Appartement;;;2. 1 an et plus;;Appart 1P;;11,2;12,9;15,9;17,9;22,8;15,1;340;390;430;466;500;428;28;482;;Estimation directe
B5900;2023;L5900;L5900.1.04;;Appartement;;;2. 1 an et plus;;Appart 2P;;9,1;11,0;12,3;13,5;14,8;11,9;441;500;547;598;644;542;46;1746;;Estimation directe
B5900;2023;L5900;L5900.1.04;;Appartement;;;2. 1 an et plus;;Appart 3P;;8,6;9,9;10,9;12,0;12,9;10,7;560;620;690;755;806;684;64;1180;;Estimation directe
B5900;2023;L5900;L5900.1.04;;Appartement;;;2. 1 an et plus;;Appart 4P+;;7,1;8,3;9,4;11,2;12,4;9,4;610;670;802;920;1008;813;87;288;;Estimation directe
B5900;2023;L5900;L5900.1.04;;Appartement;;1. Avant 1946;;;;;8,7;10,0;12,5;14,8;18,6;11,7;390;460;546;630;753;560;48;753;3136;Estimation directe
B5900;2023;L5900;L5900.1.04;;Appartement;;1. Avant 1946;;1. Moins de 1 an;;;10,6;11,9;14,4;16,7;19,9;13,5;380;453;535;630;753;551;41;253;;Estimation directe
B5900;2023;L5900;L5900.1.04;;Appartement;;1. Avant 1946;;2. 1 an et plus;;;8,4;9,4;11,7;13,9;17,3;11,0;396;460;549;630;760;563;51;500;;Estimation directe
B5900;2023;L5900;L5900.1.04;;Appartement;;2. Entre 1946-1970;;;;;8,3;9,4;10,8;12,9;16,6;10,5;427;504;606;700;785;602;58;319;3166;Estimation directe
B5900;2023;L5900;L5900.1.04;;Appartement;;2. Entre 1946-1970;;1. Moins de 1 an;;;4,2;9,3;10,9;13,6;16,6;10,0;315;440;579;700;725;571;57;89;;Estimation directe
B5900;2023;L5900;L5900.1.04;;Appartement;;2. Entre 1946-1970;;2. 1 an et plus;;;8,4;9,6;10,6;12,9;16,6;10,7;458;529;617;690;785;617;58;230;;Estimation directe
B5900;2023;L5900;L5900.1.04;;Appartement;;3. Entre 1971-1990;;;;;8,3;9,9;11,6;13,5;16,0;11,1;390;470;580;710;900;611;55;869;4194;Estimation directe
B5900;2023;L5900;L5900.1.04;;Appartement;;3. Entre 1971-1990;;1. Moins de 1 an;;;9,5;10,9;12,5;14,0;16,4;12,2;394;490;595;743;980;644;53;256;;Estimation directe
B5900;2023;L5900;L5900.1.04;;Appartement;;3. Entre 1971-1990;;2. 1 an et plus;;;7,8;9,2;10,9;12,6;15,0;10,4;388;452;565;688;850;590;57;613;;Estimation directe
B5900;2023;L5900;L5900.1.04;;Appartement;;4. Entre 1991-2005;;;;;9,4;11,1;12,8;14,8;16,9;12,0;450;500;612;725;934;650;54;437;2706;Estimation directe
B5900;2023;L5900;L5900.1.04;;Appartement;;4. Entre 1991-2005;;1. Moins de 1 an;;;9,6;11,3;12,8;14,8;16,5;12,2;500;555;650;881;1020;705;58;116;;Estimation directe
B5900;2023;L5900;L5900.1.04;;Appartement;;4. Entre 1991-2005;;2. 1 an et plus;;;9,3;10,9;12,6;15,4;17,9;11,9;430;480;570;700;792;613;52;321;;Estimation directe
B5900;2023;L5900;L5900.1.04;;Appartement;;5. Apr�s 2005;;;;;10,0;10,9;12,0;13,3;14,4;11,7;490;545;646;760;869;668;57;3450;5628;Estimation directe
B5900;2023;L5900;L5900.1.04;;Appartement;;5. Apr�s 2005;;1. Moins de 1 an;;;10,3;10,9;12,1;13,4;14,3;12,0;504;550;664;781;900;691;58;1418;;Estimation directe
B5900;2023;L5900;L5900.1.04;;Appartement;;5. Apr�s 2005;;2. 1 an et plus;;;9,7;10,9;11,9;13,1;14,4;11,5;475;540;638;750;831;651;56;2032;;Estimation directe
B5900;2023;L5900;L5900.1.04;;Appartement;1. Avant 1946;;;;;;8,7;10,0;12,5;14,8;18,6;11,7;390;460;546;630;753;560;48;753;3136;Estimation directe
B5900;2023;L5900;L5900.1.04;;Appartement;1. Avant 1946;;1. Moins de 1 an;;;;10,6;11,9;14,4;16,7;19,9;13,5;380;453;535;630;753;551;41;253;;Estimation directe
B5900;2023;L5900;L5900.1.04;;Appartement;1. Avant 1946;;2. 1 an et plus;;;;8,4;9,4;11,7;13,9;17,3;11,0;396;460;549;630;760;563;51;500;;Estimation directe
B5900;2023;L5900;L5900.1.04;;Appartement;2. Entre 1946-1970;;;;;;8,3;9,4;10,8;12,9;16,6;10,5;427;504;606;700;785;602;58;319;3166;Estimation directe
B5900;2023;L5900;L5900.1.04;;Appartement;2. Entre 1946-1970;;1. Moins de 1 an;;;;4,2;9,3;10,9;13,6;16,6;10,0;315;440;579;700;725;571;57;89;;Estimation directe
B5900;2023;L5900;L5900.1.04;;Appartement;2. Entre 1946-1970;;2. 1 an et plus;;;;8,4;9,6;10,6;12,9;16,6;10,7;458;529;617;690;785;617;58;230;;Estimation directe
B5900;2023;L5900;L5900.1.04;;Appartement;3. Entre 1971-1990;;;;;;8,3;9,9;11,6;13,5;16,0;11,1;390;470;580;710;900;611;55;869;4194;Estimation directe
B5900;2023;L5900;L5900.1.04;;Appartement;3. Entre 1971-1990;;1. Moins de 1 an;;;;9,5;10,9;12,5;14,0;16,4;12,2;394;490;595;743;980;644;53;256;;Estimation directe
B5900;2023;L5900;L5900.1.04;;Appartement;3. Entre 1971-1990;;2. 1 an et plus;;;;7,8;9,2;10,9;12,6;15,0;10,4;388;452;565;688;850;590;57;613;;Estimation directe
B5900;2023;L5900;L5900.1.04;;Appartement;4. Entre 1991-2005;;;;;;9,4;11,1;12,8;14,8;16,9;12,0;450;500;612;725;934;650;54;437;2706;Estimation directe
B5900;2023;L5900;L5900.1.04;;Appartement;4. Entre 1991-2005;;1. Moins de 1 an;;;;9,6;11,3;12,8;14,8;16,5;12,2;500;555;650;881;1020;705;58;116;;Estimation directe
B5900;2023;L5900;L5900.1.04;;Appartement;4. Entre 1991-2005;;2. 1 an et plus;;;;9,3;10,9;12,6;15,4;17,9;11,9;430;480;570;700;792;613;52;321;;Estimation directe
B5900;2023;L5900;L5900.1.04;;Appartement;5. Apr�s 2005;;;;;;10,0;10,9;12,0;13,3;14,4;11,7;490;545;646;760;869;668;57;3450;5628;Estimation directe
B5900;2023;L5900;L5900.1.04;;Appartement;5. Apr�s 2005;;1. Moins de 1 an;;;;10,3;10,9;12,1;13,4;14,3;12,0;504;550;664;781;900;691;58;1418;;Estimation directe
B5900;2023;L5900;L5900.1.04;;Appartement;5. Apr�s 2005;;2. 1 an et plus;;;;9,7;10,9;11,9;13,1;14,4;11,5;475;540;638;750;831;651;56;2032;;Estimation directe
B5900;2023;L5900;L5900.1.05;;;;;;;;;7,0;8,4;10,1;11,9;14,0;9,5;433;520;620;736;840;646;68;7347;40464;Estimation directe
B5900;2023;L5900;L5900.1.05;;;;;;;;Maison 1-3P;7,1;8,6;10,0;11,4;12,4;9,7;500;550;630;750;780;638;66;315;3143;Estimation directe
B5900;2023;L5900;L5900.1.05;;;;;;;;Ensemble 4P+;6,0;7,4;8,6;9,9;10,7;8,5;590;650;741;828;958;782;92;1424;16118;Estimation directe
B5900;2023;L5900;L5900.1.05;;;;;;;;Maison 4P+;5,8;7,4;8,6;9,8;10,7;8,3;591;660;750;841;960;770;93;952;12408;Estimation directe
B5900;2023;L5900;L5900.1.05;;;;;;;;Appart 1P;10,1;12,2;14,0;16,3;20,0;13,7;300;350;400;451;550;408;30;763;3441;Estimation directe
B5900;2023;L5900;L5900.1.05;;;;;;;;Appart 2P;9,4;10,7;12,0;13,4;14,8;11,8;430;470;529;572;620;524;45;2954;10230;Estimation directe
B5900;2023;L5900;L5900.1.05;;;;;;;;Appart 3P;7,7;8,8;10,1;10,9;11,9;9,8;500;576;632;692;757;634;65;1891;7531;Estimation directe
B5900;2023;L5900;L5900.1.05;;;;;;;;Appart 4P+;6,0;7,3;8,5;10,0;10,9;9,0;550;640;690;800;950;825;92;472;3710;Estimation directe
B5900;2023;L5900;L5900.1.05;;;;;;;;Ensemble 1P;10,2;12,1;14,0;16,3;20,0;13,6;300;350;400;458;550;410;30;765;3565;Estimation directe
B5900;2023;L5900;L5900.1.05;;;;;;;;Ensemble 2P;9,2;10,7;11,9;13,3;14,8;11,7;425;472;530;574;630;524;45;3007;11006;Estimation directe
B5900;2023;L5900;L5900.1.05;;;;;;;;Ensemble 3P;7,6;8,7;10,0;11,0;12,0;9,7;502;577;635;700;778;640;66;2151;9776;Estimation directe
B5900;2023;L5900;L5900.1.05;;;;;;;Maison;;6,2;7,6;8,9;10,1;11,4;8,5;547;634;730;817;940;743;87;1267;15551;Estimation directe
B5900;2023;L5900;L5900.1.05;;;;;;;Appart 1P;;10,1;12,2;14,0;16,3;20,0;13,7;300;350;400;451;550;408;30;763;3441;Estimation directe
B5900;2023;L5900;L5900.1.05;;;;;;;Appart 2P;;9,4;10,7;12,0;13,4;14,8;11,8;430;470;529;572;620;524;45;2954;10230;Estimation directe
B5900;2023;L5900;L5900.1.05;;;;;;;Appart 3P;;7,7;8,8;10,1;10,9;11,9;9,8;500;576;632;692;757;634;65;1891;7531;Estimation directe
B5900;2023;L5900;L5900.1.05;;;;;;;Appart 4P+;;6,0;7,3;8,5;10,0;10,9;9,0;550;640;690;800;950;825;92;472;3710;Estimation directe
B5900;2023;L5900;L5900.1.05;;;;;;;Ensemble 1P;;10,2;12,1;14,0;16,3;20,0;13,6;300;350;400;458;550;410;30;765;3565;Estimation directe
B5900;2023;L5900;L5900.1.05;;;;;;;Ensemble 3P;;9,2;10,7;11,9;13,3;14,8;11,7;425;472;530;574;630;524;45;3007;11006;Estimation directe
B5900;2023;L5900;L5900.1.05;;;;;;;Ensemble 3P;;7,6;8,7;10,0;11,0;12,0;9,7;502;577;635;700;778;640;66;2151;9776;Estimation directe
B5900;2023;L5900;L5900.1.05;;;;;;;Ensemble 4P+;;6,0;7,4;8,6;9,9;10,7;8,5;590;650;741;828;958;782;92;1424;16118;Estimation directe
B5900;2023;L5900;L5900.1.05;;;;;;1. Moins de 1 an;;;8,4;9,5;10,9;12,5;14,8;10,8;445;530;618;742;860;679;63;2362;;Estimation directe
B5900;2023;L5900;L5900.1.05;;;;;;1. Moins de 1 an;;Maison 1-3P;7,6;8,8;9,4;11,8;12,8;9,8;590;600;690;760;800;682;70;97;;Estimation directe
B5900;2023;L5900;L5900.1.05;;;;;;1. Moins de 1 an;;Ensemble 4P+;7,7;8,6;9,7;10,5;12,2;10,2;650;704;800;922;1090;950;93;334;;Estimation directe
B5900;2023;L5900;L5900.1.05;;;;;;1. Moins de 1 an;;Maison 4P+;7,6;8,8;9,6;10,3;12,4;9,4;690;750;820;960;1090;880;94;209;;Estimation directe
B5900;2023;L5900;L5900.1.05;;;;;;1. Moins de 1 an;;Appart 1P;9,5;11,9;13,9;16,8;21,0;13,3;300;355;418;482;550;422;32;241;;Estimation directe
B5900;2023;L5900;L5900.1.05;;;;;;1. Moins de 1 an;;Appart 2P;10,5;11,1;12,2;13,6;14,8;12,2;445;490;542;590;650;542;44;1081;;Estimation directe
B5900;2023;L5900;L5900.1.05;;;;;;1. Moins de 1 an;;Appart 3P;8,4;9,1;10,5;11,1;12,3;10,2;530;580;634;700;800;650;64;609;;Estimation directe
B5900;2023;L5900;L5900.1.05;;;;;;1. Moins de 1 an;;Appart 4P+;7,9;8,4;9,8;10,7;11,1;11,8;620;640;750;850;1150;1086;92;125;;Estimation directe
B5900;2023;L5900;L5900.1.05;;;;;;1. Moins de 1 an;;Ensemble 1P;9,5;11,9;13,8;16,8;21,0;13,3;300;355;419;482;550;423;32;242;;Estimation directe
B5900;2023;L5900;L5900.1.05;;;;;;1. Moins de 1 an;;Ensemble 2P;10,5;11,1;12,2;13,6;14,8;12,2;445;490;544;590;650;542;44;1093;;Estimation directe
B5900;2023;L5900;L5900.1.05;;;;;;1. Moins de 1 an;;Ensemble 3P;8,0;9,0;10,4;11,3;12,4;10,1;550;592;645;719;800;660;66;693;;Estimation directe
B5900;2023;L5900;L5900.1.05;;;;;;2. 1 an et plus;;;6,6;8,0;9,7;11,4;13,5;9,1;425;518;621;734;826;633;70;4985;;Estimation directe
B5900;2023;L5900;L5900.1.05;;;;;;2. 1 an et plus;;Maison 1-3P;7,0;8,5;10,3;11,2;12,4;9,7;500;540;620;730;780;619;64;218;;Estimation directe
B5900;2023;L5900;L5900.1.05;;;;;;2. 1 an et plus;;Ensemble 4P+;5,7;7,1;8,2;9,4;10,4;8,0;550;650;720;813;929;738;92;1090;;Estimation directe
B5900;2023;L5900;L5900.1.05;;;;;;2. 1 an et plus;;Maison 4P+;5,7;7,2;8,3;9,6;10,5;8,1;560;650;736;820;935;745;92;743;;Estimation directe
B5900;2023;L5900;L5900.1.05;;;;;;2. 1 an et plus;;Appart 1P;10,9;12,7;14,0;16,0;19,0;14,0;300;350;395;421;536;399;29;522;;Estimation directe
B5900;2023;L5900;L5900.1.05;;;;;;2. 1 an et plus;;Appart 2P;8,9;10,5;11,8;13,2;14,9;11,5;420;460;518;559;610;513;45;1873;;Estimation directe
B5900;2023;L5900;L5900.1.05;;;;;;2. 1 an et plus;;Appart 3P;7,5;8,7;10,0;10,8;11,7;9,6;500;570;631;690;750;627;66;1282;;Estimation directe
B5900;2023;L5900;L5900.1.05;;;;;;2. 1 an et plus;;Appart 4P+;5,8;6,4;7,9;9,2;10,2;7,7;500;635;674;795;862;707;92;347;;Estimation directe
B5900;2023;L5900;L5900.1.05;;;;;;2. 1 an et plus;;Ensemble 1P;10,9;12,4;14,0;16,0;19,0;13,9;300;350;396;426;530;401;29;523;;Estimation directe
B5900;2023;L5900;L5900.1.05;;;;;;2. 1 an et plus;;Ensemble 2P;8,7;10,3;11,7;13,1;14,8;11,4;412;462;520;563;614;514;45;1914;;Estimation directe
B5900;2023;L5900;L5900.1.05;;;;;;2. 1 an et plus;;Ensemble 3P;7,3;8,6;10,0;10,9;11,9;9,6;500;560;630;700;760;631;66;1458;;Estimation directe
B5900;2023;L5900;L5900.1.05;;;;;1. Moins de 1 an;;;;8,4;9,5;10,9;12,5;14,8;10,8;445;530;618;742;860;679;63;2362;;Estimation directe
B5900;2023;L5900;L5900.1.05;;;;;1. Moins de 1 an;;Maison;;7,6;8,8;9,6;10,9;12,4;9,5;610;700;770;878;1000;819;86;306;;Estimation directe
B5900;2023;L5900;L5900.1.05;;;;;1. Moins de 1 an;;Appart 1P;;9,5;11,9;13,9;16,8;21,0;13,3;300;355;418;482;550;422;32;241;;Estimation directe
B5900;2023;L5900;L5900.1.05;;;;;1. Moins de 1 an;;Appart 2P;;10,5;11,1;12,2;13,6;14,8;12,2;445;490;542;590;650;542;44;1081;;Estimation directe
B5900;2023;L5900;L5900.1.05;;;;;1. Moins de 1 an;;Appart 3P;;8,4;9,1;10,5;11,1;12,3;10,2;530;580;634;700;800;650;64;609;;Estimation directe
B5900;2023;L5900;L5900.1.05;;;;;1. Moins de 1 an;;Appart 4P+;;7,9;8,4;9,8;10,7;11,1;11,8;620;640;750;850;1150;1086;92;125;;Estimation directe
B5900;2023;L5900;L5900.1.05;;;;;1. Moins de 1 an;;Ensemble 1P;;9,5;11,9;13,8;16,8;21,0;13,3;300;355;419;482;550;423;32;242;;Estimation directe
B5900;2023;L5900;L5900.1.05;;;;;1. Moins de 1 an;;Ensemble 3P;;10,5;11,1;12,2;13,6;14,8;12,2;445;490;544;590;650;542;44;1093;;Estimation directe
B5900;2023;L5900;L5900.1.05;;;;;1. Moins de 1 an;;Ensemble 3P;;8,0;9,0;10,4;11,3;12,4;10,1;550;592;645;719;800;660;66;693;;Estimation directe
B5900;2023;L5900;L5900.1.05;;;;;1. Moins de 1 an;;Ensemble 4P+;;7,7;8,6;9,7;10,5;12,2;10,2;650;704;800;922;1090;950;93;334;;Estimation directe
B5900;2023;L5900;L5900.1.05;;;;;2. 1 an et plus;;;;6,6;8,0;9,7;11,4;13,5;9,1;425;518;621;734;826;633;70;4985;;Estimation directe
B5900;2023;L5900;L5900.1.05;;;;;2. 1 an et plus;;Maison;;6,1;7,3;8,6;9,9;11,0;8,3;535;615;716;800;917;723;87;961;;Estimation directe
B5900;2023;L5900;L5900.1.05;;;;;2. 1 an et plus;;Appart 1P;;10,9;12,7;14,0;16,0;19,0;14,0;300;350;395;421;536;399;29;522;;Estimation directe
B5900;2023;L5900;L5900.1.05;;;;;2. 1 an et plus;;Appart 2P;;8,9;10,5;11,8;13,2;14,9;11,5;420;460;518;559;610;513;45;1873;;Estimation directe
B5900;2023;L5900;L5900.1.05;;;;;2. 1 an et plus;;Appart 3P;;7,5;8,7;10,0;10,8;11,7;9,6;500;570;631;690;750;627;66;1282;;Estimation directe
B5900;2023;L5900;L5900.1.05;;;;;2. 1 an et plus;;Appart 4P+;;5,8;6,4;7,9;9,2;10,2;7,7;500;635;674;795;862;707;92;347;;Estimation directe
B5900;2023;L5900;L5900.1.05;;;;;2. 1 an et plus;;Ensemble 1P;;10,9;12,4;14,0;16,0;19,0;13,9;300;350;396;426;530;401;29;523;;Estimation directe
B5900;2023;L5900;L5900.1.05;;;;;2. 1 an et plus;;Ensemble 3P;;8,7;10,3;11,7;13,1;14,8;11,4;412;462;520;563;614;514;45;1914;;Estimation directe
B5900;2023;L5900;L5900.1.05;;;;;2. 1 an et plus;;Ensemble 3P;;7,3;8,6;10,0;10,9;11,9;9,6;500;560;630;700;760;631;66;1458;;Estimation directe
B5900;2023;L5900;L5900.1.05;;;;;2. 1 an et plus;;Ensemble 4P+;;5,7;7,1;8,2;9,4;10,4;8,0;550;650;720;813;929;738;92;1090;;Estimation directe
B5900;2023;L5900;L5900.1.05;;;;1. Avant 1946;;;;;6,6;8,0;9,5;11,5;14,3;9,2;420;520;620;728;817;648;70;1872;15357;Estimation directe
B5900;2023;L5900;L5900.1.05;;;;1. Avant 1946;;1. Moins de 1 an;;;8,3;9,3;10,7;12,5;16,1;10,9;420;550;634;750;850;726;67;513;;Estimation directe
B5900;2023;L5900;L5900.1.05;;;;1. Avant 1946;;2. 1 an et plus;;;6,4;7,6;9,1;10,9;13,8;8,7;420;510;620;720;800;619;72;1359;;Estimation directe
B5900;2023;L5900;L5900.1.05;;;;2. Entre 1946-1970;;;;;7,0;8,0;9,5;10,3;13,3;9,0;445;500;600;780;895;644;71;389;7051;Estimation directe
B5900;2023;L5900;L5900.1.05;;;;2. Entre 1946-1970;;1. Moins de 1 an;;;7,8;8,9;9,5;11,0;14,6;9,8;445;520;590;780;900;637;65;97;;Estimation directe
B5900;2023;L5900;L5900.1.05;;;;2. Entre 1946-1970;;2. 1 an et plus;;;6,6;7,7;9,5;10,2;11,9;8,7;447;500;600;786;842;646;74;292;;Estimation directe
B5900;2023;L5900;L5900.1.05;;;;3. Entre 1971-1990;;;;;7,0;8,1;10,2;11,9;14,7;9,5;380;475;579;750;952;626;66;698;5863;Estimation directe
B5900;2023;L5900;L5900.1.05;;;;3. Entre 1971-1990;;1. Moins de 1 an;;;7,9;9,8;10,4;13,3;16,8;10,6;380;475;600;820;1000;652;62;170;;Estimation directe
B5900;2023;L5900;L5900.1.05;;;;3. Entre 1971-1990;;2. 1 an et plus;;;6,8;7,9;10,0;11,8;14,0;9,2;387;474;550;717;942;616;67;528;;Estimation directe
B5900;2023;L5900;L5900.1.05;;;;4. Entre 1991-2005;;;;;7,3;8,7;10,4;11,6;13,8;9,6;469;530;666;813;935;689;72;393;4275;Estimation directe
B5900;2023;L5900;L5900.1.05;;;;4. Entre 1991-2005;;1. Moins de 1 an;;;8,0;9,6;11,3;12,9;14,4;10,7;460;480;560;700;860;619;58;88;;Estimation directe
B5900;2023;L5900;L5900.1.05;;;;4. Entre 1991-2005;;2. 1 an et plus;;;6,5;8,6;10,3;11,2;12,8;9,3;494;550;700;815;950;712;76;305;;Estimation directe
B5900;2023;L5900;L5900.1.05;;;;5. Apr�s 2005;;;;;8,5;9,9;11,0;12,3;13,6;10,5;474;530;615;717;830;639;61;3995;7919;Estimation directe
B5900;2023;L5900;L5900.1.05;;;;5. Apr�s 2005;;1. Moins de 1 an;;;9,1;10,2;11,3;12,4;13,8;10,9;463;524;600;706;841;630;58;1494;;Estimation directe
B5900;2023;L5900;L5900.1.05;;;;5. Apr�s 2005;;2. 1 an et plus;;;8,1;9,7;10,9;12,1;13,4;10,3;480;536;624;723;826;645;62;2501;;Estimation directe
B5900;2023;L5900;L5900.1.05;;;1. Avant 1946;;;;;;6,6;8,0;9,5;11,5;14,3;9,2;420;520;620;728;817;648;70;1872;15357;Estimation directe
B5900;2023;L5900;L5900.1.05;;;1. Avant 1946;;1. Moins de 1 an;;;;8,3;9,3;10,7;12,5;16,1;10,9;420;550;634;750;850;726;67;513;;Estimation directe
B5900;2023;L5900;L5900.1.05;;;1. Avant 1946;;2. 1 an et plus;;;;6,4;7,6;9,1;10,9;13,8;8,7;420;510;620;720;800;619;72;1359;;Estimation directe
B5900;2023;L5900;L5900.1.05;;;2. Entre 1946-1970;;;;;;7,0;8,0;9,5;10,3;13,3;9,0;445;500;600;780;895;644;71;389;7051;Estimation directe
B5900;2023;L5900;L5900.1.05;;;2. Entre 1946-1970;;1. Moins de 1 an;;;;7,8;8,9;9,5;11,0;14,6;9,8;445;520;590;780;900;637;65;97;;Estimation directe
B5900;2023;L5900;L5900.1.05;;;2. Entre 1946-1970;;2. 1 an et plus;;;;6,6;7,7;9,5;10,2;11,9;8,7;447;500;600;786;842;646;74;292;;Estimation directe
B5900;2023;L5900;L5900.1.05;;;3. Entre 1971-1990;;;;;;7,0;8,1;10,2;11,9;14,7;9,5;380;475;579;750;952;626;66;698;5863;Estimation directe
B5900;2023;L5900;L5900.1.05;;;3. Entre 1971-1990;;1. Moins de 1 an;;;;7,9;9,8;10,4;13,3;16,8;10,6;380;475;600;820;1000;652;62;170;;Estimation directe
B5900;2023;L5900;L5900.1.05;;;3. Entre 1971-1990;;2. 1 an et plus;;;;6,8;7,9;10,0;11,8;14,0;9,2;387;474;550;717;942;616;67;528;;Estimation directe
B5900;2023;L5900;L5900.1.05;;;4. Entre 1991-2005;;;;;;7,3;8,7;10,4;11,6;13,8;9,6;469;530;666;813;935;689;72;393;4275;Estimation directe
B5900;2023;L5900;L5900.1.05;;;4. Entre 1991-2005;;1. Moins de 1 an;;;;8,0;9,6;11,3;12,9;14,4;10,7;460;480;560;700;860;619;58;88;;Estimation directe
B5900;2023;L5900;L5900.1.05;;;4. Entre 1991-2005;;2. 1 an et plus;;;;6,5;8,6;10,3;11,2;12,8;9,3;494;550;700;815;950;712;76;305;;Estimation directe
B5900;2023;L5900;L5900.1.05;;;5. Apr�s 2005;;;;;;8,5;9,9;11,0;12,3;13,6;10,5;474;530;615;717;830;639;61;3995;7919;Estimation directe
B5900;2023;L5900;L5900.1.05;;;5. Apr�s 2005;;1. Moins de 1 an;;;;9,1;10,2;11,3;12,4;13,8;10,9;463;524;600;706;841;630;58;1494;;Estimation directe
B5900;2023;L5900;L5900.1.05;;;5. Apr�s 2005;;2. 1 an et plus;;;;8,1;9,7;10,9;12,1;13,4;10,3;480;536;624;723;826;645;62;2501;;Estimation directe
B5900;2023;L5900;L5900.1.05;;Maison;;;;;;;6,2;7,6;8,9;10,1;11,4;8,5;547;634;730;817;940;743;87;1267;15551;Estimation directe
B5900;2023;L5900;L5900.1.05;;Maison;;;;;;Maison 1-3P;7,1;8,6;10,0;11,4;12,4;9,7;500;550;630;750;780;638;66;315;3143;Estimation directe
B5900;2023;L5900;L5900.1.05;;Maison;;;;;;Maison 4P+;5,8;7,4;8,6;9,8;10,7;8,3;591;660;750;841;960;770;93;952;12408;Estimation directe
B5900;2023;L5900;L5900.1.05;;Maison;;;;;Maison;;6,2;7,6;8,9;10,1;11,4;8,5;547;634;730;817;940;743;87;1267;15551;Estimation directe
B5900;2023;L5900;L5900.1.05;;Maison;;;;1. Moins de 1 an;;;7,6;8,8;9,6;10,9;12,4;9,5;610;700;770;878;1000;819;86;306;;Estimation directe
B5900;2023;L5900;L5900.1.05;;Maison;;;;1. Moins de 1 an;;Maison 1-3P;7,6;8,8;9,4;11,8;12,8;9,8;590;600;690;760;800;682;70;97;;Estimation directe
B5900;2023;L5900;L5900.1.05;;Maison;;;;1. Moins de 1 an;;Maison 4P+;7,6;8,8;9,6;10,3;12,4;9,4;690;750;820;960;1090;880;94;209;;Estimation directe
B5900;2023;L5900;L5900.1.05;;Maison;;;;2. 1 an et plus;;;6,1;7,3;8,6;9,9;11,0;8,3;535;615;716;800;917;723;87;961;;Estimation directe
B5900;2023;L5900;L5900.1.05;;Maison;;;;2. 1 an et plus;;Maison 1-3P;7,0;8,5;10,3;11,2;12,4;9,7;500;540;620;730;780;619;64;218;;Estimation directe
B5900;2023;L5900;L5900.1.05;;Maison;;;;2. 1 an et plus;;Maison 4P+;5,7;7,2;8,3;9,6;10,5;8,1;560;650;736;820;935;745;92;743;;Estimation directe
B5900;2023;L5900;L5900.1.05;;Maison;;;1. Moins de 1 an;;;;7,6;8,8;9,6;10,9;12,4;9,5;610;700;770;878;1000;819;86;306;;Estimation directe
B5900;2023;L5900;L5900.1.05;;Maison;;;1. Moins de 1 an;;Maison;;7,6;8,8;9,6;10,9;12,4;9,5;610;700;770;878;1000;819;86;306;;Estimation directe
B5900;2023;L5900;L5900.1.05;;Maison;;;2. 1 an et plus;;;;6,1;7,3;8,6;9,9;11,0;8,3;535;615;716;800;917;723;87;961;;Estimation directe
B5900;2023;L5900;L5900.1.05;;Maison;;;2. 1 an et plus;;Maison;;6,1;7,3;8,6;9,9;11,0;8,3;535;615;716;800;917;723;87;961;;Estimation directe
B5900;2023;L5900;L5900.1.05;;Maison;;1. Avant 1946;;;;;6,1;7,3;8,6;9,8;11,3;8,2;540;610;700;780;855;712;86;774;8292;Estimation directe
B5900;2023;L5900;L5900.1.05;;Maison;;1. Avant 1946;;1. Moins de 1 an;;;6,7;8,5;9,4;11,0;13,0;9,3;600;690;750;850;1008;809;87;189;;Estimation directe
B5900;2023;L5900;L5900.1.05;;Maison;;1. Avant 1946;;2. 1 an et plus;;;5,8;7,1;8,2;9,4;10,8;8,0;520;600;700;770;830;689;86;585;;Estimation directe
B5900;2023;L5900;L5900.1.05;;Maison;;2. Entre 1946-1970;;;;;6,6;7,8;9,2;9,9;10,2;8,7;480;617;780;825;900;751;87;101;3070;Estimation directe
B5900;2023;L5900;L5900.1.05;;Maison;;2. Entre 1946-1970;;1. Moins de 1 an;;;;;;;;;;;;;;;;24;;Estimation directe
B5900;2023;L5900;L5900.1.05;;Maison;;2. Entre 1946-1970;;2. 1 an et plus;;;6,6;7,5;8,9;9,9;10,2;8,5;480;600;770;822;900;744;88;77;;Estimation directe
B5900;2023;L5900;L5900.1.05;;Maison;;3. Entre 1971-1990;;;;;7,7;8,2;9,6;10,5;11,8;9,4;695;805;915;990;1130;883;94;77;1806;Estimation directe
B5900;2023;L5900;L5900.1.05;;Maison;;3. Entre 1971-1990;;1. Moins de 1 an;;;;;;;;;;;;;;;;15;;Estimation directe
B5900;2023;L5900;L5900.1.05;;Maison;;3. Entre 1971-1990;;2. 1 an et plus;;;7,7;7,9;8,9;10,7;11,8;9,2;695;750;900;958;1130;866;94;62;;Estimation directe
B5900;2023;L5900;L5900.1.05;;Maison;;4. Entre 1991-2005;;;;;6,1;9,0;10,3;10,6;11,3;9,4;700;760;827;935;1100;877;93;71;1074;Estimation directe
B5900;2023;L5900;L5900.1.05;;Maison;;4. Entre 1991-2005;;1. Moins de 1 an;;;;;;;;;;;;;;;;12;;Estimation directe
B5900;2023;L5900;L5900.1.05;;Maison;;4. Entre 1991-2005;;2. 1 an et plus;;;6,1;8,6;10,1;10,6;10,8;9,2;738;760;840;935;1041;881;95;59;;Estimation directe
B5900;2023;L5900;L5900.1.05;;Maison;;5. Apr�s 2005;;;;;8,2;9,2;10,2;11,3;12,2;10,0;700;751;830;950;1028;859;86;244;1309;Estimation directe
B5900;2023;L5900;L5900.1.05;;Maison;;5. Apr�s 2005;;1. Moins de 1 an;;;7,6;8,8;10,0;12,2;12,4;9,9;700;779;840;940;995;851;86;66;;Estimation directe
B5900;2023;L5900;L5900.1.05;;Maison;;5. Apr�s 2005;;2. 1 an et plus;;;8,3;9,6;10,4;11,2;11,4;10,1;679;749;830;970;1028;863;86;178;;Estimation directe
B5900;2023;L5900;L5900.1.05;;Maison;1. Avant 1946;;;;;;6,1;7,3;8,6;9,8;11,3;8,2;540;610;700;780;855;712;86;774;8292;Estimation directe
B5900;2023;L5900;L5900.1.05;;Maison;1. Avant 1946;;1. Moins de 1 an;;;;6,7;8,5;9,4;11,0;13,0;9,3;600;690;750;850;1008;809;87;189;;Estimation directe
B5900;2023;L5900;L5900.1.05;;Maison;1. Avant 1946;;2. 1 an et plus;;;;5,8;7,1;8,2;9,4;10,8;8,0;520;600;700;770;830;689;86;585;;Estimation directe
B5900;2023;L5900;L5900.1.05;;Maison;2. Entre 1946-1970;;;;;;6,6;7,8;9,2;9,9;10,2;8,7;480;617;780;825;900;751;87;101;3070;Estimation directe
B5900;2023;L5900;L5900.1.05;;Maison;2. Entre 1946-1970;;1. Moins de 1 an;;;;;;;;;;;;;;;;;24;;Estimation directe
B5900;2023;L5900;L5900.1.05;;Maison;2. Entre 1946-1970;;2. 1 an et plus;;;;6,6;7,5;8,9;9,9;10,2;8,5;480;600;770;822;900;744;88;77;;Estimation directe
B5900;2023;L5900;L5900.1.05;;Maison;3. Entre 1971-1990;;;;;;7,7;8,2;9,6;10,5;11,8;9,4;695;805;915;990;1130;883;94;77;1806;Estimation directe
B5900;2023;L5900;L5900.1.05;;Maison;3. Entre 1971-1990;;1. Moins de 1 an;;;;;;;;;;;;;;;;;15;;Estimation directe
B5900;2023;L5900;L5900.1.05;;Maison;3. Entre 1971-1990;;2. 1 an et plus;;;;7,7;7,9;8,9;10,7;11,8;9,2;695;750;900;958;1130;866;94;62;;Estimation directe
B5900;2023;L5900;L5900.1.05;;Maison;4. Entre 1991-2005;;;;;;6,1;9,0;10,3;10,6;11,3;9,4;700;760;827;935;1100;877;93;71;1074;Estimation directe
B5900;2023;L5900;L5900.1.05;;Maison;4. Entre 1991-2005;;1. Moins de 1 an;;;;;;;;;;;;;;;;;12;;Estimation directe
B5900;2023;L5900;L5900.1.05;;Maison;4. Entre 1991-2005;;2. 1 an et plus;;;;6,1;8,6;10,1;10,6;10,8;9,2;738;760;840;935;1041;881;95;59;;Estimation directe
B5900;2023;L5900;L5900.1.05;;Maison;5. Apr�s 2005;;;;;;8,2;9,2;10,2;11,3;12,2;10,0;700;751;830;950;1028;859;86;244;1309;Estimation directe
B5900;2023;L5900;L5900.1.05;;Maison;5. Apr�s 2005;;1. Moins de 1 an;;;;7,6;8,8;10,0;12,2;12,4;9,9;700;779;840;940;995;851;86;66;;Estimation directe
B5900;2023;L5900;L5900.1.05;;Maison;5. Apr�s 2005;;2. 1 an et plus;;;;8,3;9,6;10,4;11,2;11,4;10,1;679;749;830;970;1028;863;86;178;;Estimation directe
B5900;2023;L5900;L5900.1.05;;Appartement;;;;;;;7,8;9,3;10,9;12,7;14,8;10,5;400;480;560;650;736;586;56;6080;24913;Estimation directe
B5900;2023;L5900;L5900.1.05;;Appartement;;;;;;Appart 1P;10,1;12,2;14,0;16,3;20,0;13,7;300;350;400;451;550;408;30;763;3441;Estimation directe
B5900;2023;L5900;L5900.1.05;;Appartement;;;;;;Appart 2P;9,4;10,7;12,0;13,4;14,8;11,8;430;470;529;572;620;524;45;2954;10230;Estimation directe
B5900;2023;L5900;L5900.1.05;;Appartement;;;;;;Appart 3P;7,7;8,8;10,1;10,9;11,9;9,8;500;576;632;692;757;634;65;1891;7531;Estimation directe
B5900;2023;L5900;L5900.1.05;;Appartement;;;;;;Appart 4P+;6,0;7,3;8,5;10,0;10,9;9,0;550;640;690;800;950;825;92;472;3710;Estimation directe
B5900;2023;L5900;L5900.1.05;;Appartement;;;;;Appart 1P;;10,1;12,2;14,0;16,3;20,0;13,7;300;350;400;451;550;408;30;763;3441;Estimation directe
B5900;2023;L5900;L5900.1.05;;Appartement;;;;;Appart 2P;;9,4;10,7;12,0;13,4;14,8;11,8;430;470;529;572;620;524;45;2954;10230;Estimation directe
B5900;2023;L5900;L5900.1.05;;Appartement;;;;;Appart 3P;;7,7;8,8;10,1;10,9;11,9;9,8;500;576;632;692;757;634;65;1891;7531;Estimation directe
B5900;2023;L5900;L5900.1.05;;Appartement;;;;;Appart 4P+;;6,0;7,3;8,5;10,0;10,9;9,0;550;640;690;800;950;825;92;472;3710;Estimation directe
B5900;2023;L5900;L5900.1.05;;Appartement;;;;1. Moins de 1 an;;;8,6;10,2;11,4;13,0;14,9;11,6;420;495;576;650;750;626;54;2056;;Estimation directe
B5900;2023;L5900;L5900.1.05;;Appartement;;;;1. Moins de 1 an;;Appart 1P;9,5;11,9;13,9;16,8;21,0;13,3;300;355;418;482;550;422;32;241;;Estimation directe
B5900;2023;L5900;L5900.1.05;;Appartement;;;;1. Moins de 1 an;;Appart 2P;10,5;11,1;12,2;13,6;14,8;12,2;445;490;542;590;650;542;44;1081;;Estimation directe
B5900;2023;L5900;L5900.1.05;;Appartement;;;;1. Moins de 1 an;;Appart 3P;8,4;9,1;10,5;11,1;12,3;10,2;530;580;634;700;800;650;64;609;;Estimation directe
B5900;2023;L5900;L5900.1.05;;Appartement;;;;1. Moins de 1 an;;Appart 4P+;7,9;8,4;9,8;10,7;11,1;11,8;620;640;750;850;1150;1086;92;125;;Estimation directe
B5900;2023;L5900;L5900.1.05;;Appartement;;;;2. 1 an et plus;;;7,3;8,9;10,7;12,5;14,6;10,0;400;470;550;650;730;565;57;4024;;Estimation directe
B5900;2023;L5900;L5900.1.05;;Appartement;;;;2. 1 an et plus;;Appart 1P;10,9;12,7;14,0;16,0;19,0;14,0;300;350;395;421;536;399;29;522;;Estimation directe
B5900;2023;L5900;L5900.1.05;;Appartement;;;;2. 1 an et plus;;Appart 2P;8,9;10,5;11,8;13,2;14,9;11,5;420;460;518;559;610;513;45;1873;;Estimation directe
B5900;2023;L5900;L5900.1.05;;Appartement;;;;2. 1 an et plus;;Appart 3P;7,5;8,7;10,0;10,8;11,7;9,6;500;570;631;690;750;627;66;1282;;Estimation directe
B5900;2023;L5900;L5900.1.05;;Appartement;;;;2. 1 an et plus;;Appart 4P+;5,8;6,4;7,9;9,2;10,2;7,7;500;635;674;795;862;707;92;347;;Estimation directe
B5900;2023;L5900;L5900.1.05;;Appartement;;;1. Moins de 1 an;;;;8,6;10,2;11,4;13,0;14,9;11,6;420;495;576;650;750;626;54;2056;;Estimation directe
B5900;2023;L5900;L5900.1.05;;Appartement;;;1. Moins de 1 an;;Appart 1P;;9,5;11,9;13,9;16,8;21,0;13,3;300;355;418;482;550;422;32;241;;Estimation directe
B5900;2023;L5900;L5900.1.05;;Appartement;;;1. Moins de 1 an;;Appart 2P;;10,5;11,1;12,2;13,6;14,8;12,2;445;490;542;590;650;542;44;1081;;Estimation directe
B5900;2023;L5900;L5900.1.05;;Appartement;;;1. Moins de 1 an;;Appart 3P;;8,4;9,1;10,5;11,1;12,3;10,2;530;580;634;700;800;650;64;609;;Estimation directe
B5900;2023;L5900;L5900.1.05;;Appartement;;;1. Moins de 1 an;;Appart 4P+;;7,9;8,4;9,8;10,7;11,1;11,8;620;640;750;850;1150;1086;92;125;;Estimation directe
B5900;2023;L5900;L5900.1.05;;Appartement;;;2. 1 an et plus;;;;7,3;8,9;10,7;12,5;14,6;10,0;400;470;550;650;730;565;57;4024;;Estimation directe
B5900;2023;L5900;L5900.1.05;;Appartement;;;2. 1 an et plus;;Appart 1P;;10,9;12,7;14,0;16,0;19,0;14,0;300;350;395;421;536;399;29;522;;Estimation directe
B5900;2023;L5900;L5900.1.05;;Appartement;;;2. 1 an et plus;;Appart 2P;;8,9;10,5;11,8;13,2;14,9;11,5;420;460;518;559;610;513;45;1873;;Estimation directe
B5900;2023;L5900;L5900.1.05;;Appartement;;;2. 1 an et plus;;Appart 3P;;7,5;8,7;10,0;10,8;11,7;9,6;500;570;631;690;750;627;66;1282;;Estimation directe
B5900;2023;L5900;L5900.1.05;;Appartement;;;2. 1 an et plus;;Appart 4P+;;5,8;6,4;7,9;9,2;10,2;7,7;500;635;674;795;862;707;92;347;;Estimation directe
B5900;2023;L5900;L5900.1.05;;Appartement;;1. Avant 1946;;;;;8,0;9,3;11,1;13,3;16,4;11,0;380;445;550;620;685;576;52;1098;7065;Estimation directe
B5900;2023;L5900;L5900.1.05;;Appartement;;1. Avant 1946;;1. Moins de 1 an;;;8,6;10,3;11,4;13,5;19,2;12,4;400;490;580;650;750;675;54;324;;Estimation directe
B5900;2023;L5900;L5900.1.05;;Appartement;;1. Avant 1946;;2. 1 an et plus;;;7,4;9,0;10,7;13,3;16,0;10,2;380;433;520;609;670;524;51;774;;Estimation directe
B5900;2023;L5900;L5900.1.05;;Appartement;;2. Entre 1946-1970;;;;;7,6;8,4;9,9;11,8;14,3;9,5;400;470;550;619;690;549;58;288;3981;Estimation directe
B5900;2023;L5900;L5900.1.05;;Appartement;;2. Entre 1946-1970;;1. Moins de 1 an;;;8,1;8,9;10,6;13,5;14,9;10,3;445;490;530;620;682;553;54;73;;Estimation directe
B5900;2023;L5900;L5900.1.05;;Appartement;;2. Entre 1946-1970;;2. 1 an et plus;;;7,6;7,7;9,8;11,0;14,2;9,2;400;470;550;605;690;547;60;215;;Estimation directe
B5900;2023;L5900;L5900.1.05;;Appartement;;3. Entre 1971-1990;;;;;6,8;8,1;10,4;12,7;14,8;9,5;370;450;540;630;700;547;57;621;4057;Estimation directe
B5900;2023;L5900;L5900.1.05;;Appartement;;3. Entre 1971-1990;;1. Moins de 1 an;;;7,9;9,1;11,1;14,8;16,8;10,8;370;460;570;650;730;578;54;155;;Estimation directe
B5900;2023;L5900;L5900.1.05;;Appartement;;3. Entre 1971-1990;;2. 1 an et plus;;;6,1;7,9;10,2;12,0;14,6;9,1;367;448;530;625;700;535;59;466;;Estimation directe
B5900;2023;L5900;L5900.1.05;;Appartement;;4. Entre 1991-2005;;;;;7,3;8,4;10,8;12,6;14,3;9,7;460;500;578;700;815;615;63;322;3201;Estimation directe
B5900;2023;L5900;L5900.1.05;;Appartement;;4. Entre 1991-2005;;1. Moins de 1 an;;;8,0;9,4;11,7;13,1;14,7;10,6;460;480;545;650;860;583;55;76;;Estimation directe
B5900;2023;L5900;L5900.1.05;;Appartement;;4. Entre 1991-2005;;2. 1 an et plus;;;6,5;8,2;10,6;11,6;13,8;9,4;467;518;605;700;778;628;67;246;;Estimation directe
B5900;2023;L5900;L5900.1.05;;Appartement;;5. Apr�s 2005;;;;;8,6;10,0;11,1;12,4;13,8;10,6;465;522;592;680;770;610;57;3751;6610;Estimation directe
B5900;2023;L5900;L5900.1.05;;Appartement;;5. Apr�s 2005;;1. Moins de 1 an;;;9,4;10,4;11,5;12,5;13,8;11,1;453;512;580;661;767;600;54;1428;;Estimation directe
B5900;2023;L5900;L5900.1.05;;Appartement;;5. Apr�s 2005;;2. 1 an et plus;;;8,1;9,7;11,0;12,2;13,6;10,4;475;528;602;690;770;616;59;2323;;Estimation directe
B5900;2023;L5900;L5900.1.05;;Appartement;1. Avant 1946;;;;;;8,0;9,3;11,1;13,3;16,4;11,0;380;445;550;620;685;576;52;1098;7065;Estimation directe
B5900;2023;L5900;L5900.1.05;;Appartement;1. Avant 1946;;1. Moins de 1 an;;;;8,6;10,3;11,4;13,5;19,2;12,4;400;490;580;650;750;675;54;324;;Estimation directe
B5900;2023;L5900;L5900.1.05;;Appartement;1. Avant 1946;;2. 1 an et plus;;;;7,4;9,0;10,7;13,3;16,0;10,2;380;433;520;609;670;524;51;774;;Estimation directe
B5900;2023;L5900;L5900.1.05;;Appartement;2. Entre 1946-1970;;;;;;7,6;8,4;9,9;11,8;14,3;9,5;400;470;550;619;690;549;58;288;3981;Estimation directe
B5900;2023;L5900;L5900.1.05;;Appartement;2. Entre 1946-1970;;1. Moins de 1 an;;;;8,1;8,9;10,6;13,5;14,9;10,3;445;490;530;620;682;553;54;73;;Estimation directe
B5900;2023;L5900;L5900.1.05;;Appartement;2. Entre 1946-1970;;2. 1 an et plus;;;;7,6;7,7;9,8;11,0;14,2;9,2;400;470;550;605;690;547;60;215;;Estimation directe
B5900;2023;L5900;L5900.1.05;;Appartement;3. Entre 1971-1990;;;;;;6,8;8,1;10,4;12,7;14,8;9,5;370;450;540;630;700;547;57;621;4057;Estimation directe
B5900;2023;L5900;L5900.1.05;;Appartement;3. Entre 1971-1990;;1. Moins de 1 an;;;;7,9;9,1;11,1;14,8;16,8;10,8;370;460;570;650;730;578;54;155;;Estimation directe
B5900;2023;L5900;L5900.1.05;;Appartement;3. Entre 1971-1990;;2. 1 an et plus;;;;6,1;7,9;10,2;12,0;14,6;9,1;367;448;530;625;700;535;59;466;;Estimation directe
B5900;2023;L5900;L5900.1.05;;Appartement;4. Entre 1991-2005;;;;;;7,3;8,4;10,8;12,6;14,3;9,7;460;500;578;700;815;615;63;322;3201;Estimation directe
B5900;2023;L5900;L5900.1.05;;Appartement;4. Entre 1991-2005;;1. Moins de 1 an;;;;8,0;9,4;11,7;13,1;14,7;10,6;460;480;545;650;860;583;55;76;;Estimation directe
B5900;2023;L5900;L5900.1.05;;Appartement;4. Entre 1991-2005;;2. 1 an et plus;;;;6,5;8,2;10,6;11,6;13,8;9,4;467;518;605;700;778;628;67;246;;Estimation directe
B5900;2023;L5900;L5900.1.05;;Appartement;5. Apr�s 2005;;;;;;8,6;10,0;11,1;12,4;13,8;10,6;465;522;592;680;770;610;57;3751;6610;Estimation directe
B5900;2023;L5900;L5900.1.05;;Appartement;5. Apr�s 2005;;1. Moins de 1 an;;;;9,4;10,4;11,5;12,5;13,8;11,1;453;512;580;661;767;600;54;1428;;Estimation directe
B5900;2023;L5900;L5900.1.05;;Appartement;5. Apr�s 2005;;2. 1 an et plus;;;;8,1;9,7;11,0;12,2;13,6;10,4;475;528;602;690;770;616;59;2323;;Estimation directe
